7
90
100
186
3491
6666
11140
6733
7408
7782
103
63
106
111
121
8006
8854
162
221
25541
9096
229
39424
10870
11144
11325
261
280
204
336
341
363
397
438
456
471
533
597
46264
11393
11571
14336
598
1340
89054
667
834
887
22553
946
2702
49309
84167
15732
949
958
21138
771
972
989
634
639
1051
17393
17780
645
683
840
1081
853
1082
1084
1126
23193
1173
1179
1202
28240
1233
3045
55665
1181
1256
1031
1295
1374
1422
3118
63257
67431
1353
19333
1509
1605
17791
1616
1551
71638
41624
1629
1187
1652
19617
19657
20737
1657
1667
20973
93026
1680
1341
1763
1833
1357
20981
21263
59143
21712
21888
21983
22842
23010
1731
1380
1908
26066
97701
1955
1454
1485
2015
2026
28431
2072
2096
2122
2166
1488
1543
1544
2259
2271
28789
2284
2336
23838
2378
1620
2385
29555
2414
2445
2516
2522
29786
4906
2544
2556
2629
7549
14198
2703
2727
1671
2756
2763
2819
72204
1672
2842
2897
2932
30102
61747
2967
3095
1685
1777
11145
4212
3180
3204
29850
31027
17531
32256
3311
3327
34518
19708
35092
56010
3354
3381
3402
1818
38034
47862
3423
1854
1933
1949
2030
34358
38997
2053
2113
5630
3495
2201
3508
3611
2265
3657
2314
3666
2326
3667
2354
2526
2584
18623
3682
2826
2859
3687
3838
40108
3015
3840
3842
3054
3879
14274
3925
4009
4053
4064
4111
40170
22744
3991
4143
3189
40247
4155
23524
55583
20788
27682
38208
3223
3238
4186
24906
51452
3373
4173
41068
4191
79990
4205
25832
4236
3490
4316
4342
4346
42017
4501
26925
62180
4548
3544
3609
3624
88021
4641
3688
27619
45538
45905
47011
47781
47547
49513
50520
4655
3767
4708
4713
3790
4761
3795
29346
4779
4822
3827
4098
4880
30615
41685
4189
49883
51034
4849
4237
51477
4288
4362
4856
4903
51520
5150
4440
4497
4569
4597
30766
86114
55330
73611
5187
5204
5267
10877
51215
38922
55474
56939
5337
4817
5434
5480
5399
57119
5510
4865
57434
57545
430
5527
4993
58309
5545
5554
5055
5199
5223
5563
5598
5519
5625
51889
5724
55466
58675
60110
33790
5735
5764
5787
60440
5789
5813
44457
5827
5606
34889
5831
5686
61250
5975
5977
6011
6030
6092
6094
61844
6189
6221
6224
63390
6226
63430
6827
63941
64609
6274
6290
6313
6179
6319
64789
65649
56324
58397
6281
6193
6344
6512
6465
66067
59485
89315
6514
6556
6603
6493
35675
6201
6207
6639
6651
6494
6729
6777
66840
68771
96546
6588
62470
6208
6255
6810
6821
6877
6303
6321
6930
6339
6932
69870
34
70089
73590
73913
6621
6749
6437
75791
6978
6510
7008
75500
7502
7016
7021
7057
7066
75794
75472
7071
6524
6587
75861
6745
37471
66933
7096
6754
6772
7200
7160
7222
11104
7399
75944
76309
7476
6858
6986
7535
7020
77270
7648
7659
80271
7532
7118
78476
50379
7581
7749
7232
7752
7753
7754
7921
7247
7876
7969
7253
7426
38708
81386
81461
83053
83998
7978
40629
7473
8071
7488
8102
7513
8131
8144
7627
70172
85098
8233
7696
8265
7717
8292
8295
8221
8285
7742
8322
8334
8368
8371
8427
8444
8448
8473
8500
85256
8510
8517
7853
8520
8547
7875
8586
7892
41167
8610
8670
8577
84701
86087
8685
8743
8795
7937
8087
86352
86893
83990
88051
92334
88976
92612
8910
8942
8204
8540
8626
8627
8687
46416
8704
8952
9042
42222
59161
8945
89546
90066
9049
9054
8980
9192
90740
9206
43840
97630
9365
9395
8999
9408
9506
9081
9607
9628
9655
9113
9140
9232
9670
9238
9739
9361
9487
9583
9762
9897
9664
9911
9782
9884
89274
9971
10164
10182
9888
9932
10264
91738
93043
93262
9983
10165
44703
94084
95173
95114
50204
10356
45169
25893
10239
10099
10371
10372
10394
10355
97523
15777
10404
10134
10307
97866
97478
10452
45393
62506
10421
10435
10488
10313
10551
10587
86943
10588
10614
10657
10659
10683
10696
10726
10775
10785
10787
10789
10813
10934
97975
10896
10955
99069
43250
10939
10898
10993
11012
11043
11067
11071
10925
11073
11032
11082
11180
11112
45627
15961
11116
98016
46420
3058
11202
11267
11361
11389
11470
47987
11371
11566
11605
11606
97551
11429
11656
63664
67059
72294
11679
11698
11551
11612
11762
11820
61555
11858
11941
97088
11687
11716
11718
11805
11896
61377
11984
12085
11944
12013
12088
51366
12037
12728
12109
12203
12226
12390
13891
12228
12135
12163
12164
12239
12250
12269
12317
12300
12342
12402
52687
20787
46453
26351
97296
16376
12487
34270
54209
12490
12496
87494
17183
12568
12404
12584
12643
12577
12608
12656
12669
12680
46680
17903
12735
12766
12790
48497
12754
12852
12880
48908
12912
12903
33911
12915
12992
13014
13073
42286
42651
24036
49635
46838
50065
13077
13085
13102
13173
13118
48698
10011
71997
68234
13194
13203
13221
13234
13245
13328
13356
13553
13279
13467
13507
13582
13578
13589
13598
13529
12302
28091
49721
51457
62375
13626
51470
85740
13680
98620
51702
80881
16901
20583
13722
13545
13769
62139
388
34238
13842
52369
13868
13870
13665
13720
13978
63437
11839
13998
13739
14002
14019
61554
14035
13839
14039
14089
14418
14473
14151
14491
14543
14551
14565
36602
38999
14362
14216
73200
92598
8700
52878
36377
98416
25957
14616
14257
14718
14273
14730
14795
14802
29774
14816
14303
14500
5348
39695
14819
14501
14848
14510
14851
14880
14894
14525
46537
14598
14936
15008
15066
83551
71769
97700
87170
15510
3812
55746
60288
14697
4258
48937
15118
15134
15141
60839
26205
14984
53860
14727
15170
15229
66052
14904
15341
14988
15369
15422
15005
15468
15638
15451
28725
15072
15623
31792
75360
15658
15711
15240
15770
15398
15537
15779
15646
15741
15751
15782
15785
15859
15938
15949
33466
26707
41877
46022
48682
15822
78007
15894
15960
15917
15935
15975
16060
16096
16127
16212
16225
63345
26178
16177
16318
16108
16200
16232
63531
69839
54125
16302
16324
16338
16347
16361
16369
16415
12078
16480
64632
89797
16525
16538
16411
16485
16539
16561
16616
47855
22519
88912
38933
16582
16635
16663
65089
78827
16676
16730
16712
16754
16759
16787
16856
16908
17061
17067
17102
4486
97355
17235
17291
17369
16916
17394
65866
16957
17491
66314
17492
16999
17550
17175
17225
17298
17552
7681
57054
61536
99365
17570
17310
17586
17589
17362
17419
77680
17390
17433
17441
17090
22593
8691
17449
34257
26310
49775
67658
49554
68282
50725
17747
17795
17325
17558
17625
17781
58222
17878
17882
68922
67964
17904
17917
17947
18001
18015
18043
18027
18055
18096
18154
465
8888
18188
18192
18247
18290
18304
18306
18161
18320
18438
18303
18323
18370
18447
18424
18470
18502
18532
18461
18606
18529
34645
33860
18567
36652
18595
18613
18622
18640
62845
65607
18650
18773
18785
96595
16686
28976
3975
18802
18869
18655
18670
18914
18996
70136
69285
19014
19093
66533
56520
79180
18674
18809
93157
88353
38588
48253
19215
19224
18846
74867
85892
18935
19077
18857
18859
19240
19116
19278
7425
18997
31732
48404
76305
48415
17389
26840
19279
19160
19189
19274
19282
19293
19295
19307
19318
19321
19361
19433
19479
19483
19591
19594
19599
19604
19719
19786
19904
19935
60762
14493
28847
76
19981
20054
19928
20110
20138
19964
20152
19965
20187
77514
14358
59992
3358
65366
20252
19986
20267
20294
20384
19993
20415
20424
20534
20087
11983
30725
18030
34793
70774
78361
79598
39367
20719
20738
20809
20840
20890
40062
20117
20904
20929
20961
20978
43646
79625
74400
57930
78101
20987
21029
20186
81780
21175
21202
83670
23904
21065
93266
21383
22960
20243
20274
20382
20435
21390
20616
21437
21123
20789
20539
82119
37288
21333
87095
27669
21388
21498
94242
6741
48689
13650
39198
20848
20867
21502
21127
21153
21515
21576
21618
21173
21655
56856
21606
21677
21684
21317
21342
21947
21423
21483
21958
22031
22056
87279
87646
66701
59790
68355
76966
21933
22074
21604
21700
21703
21775
22106
26714
21809
21815
21826
21869
34070
22109
16641
22123
89119
22162
21900
22172
22217
21913
21981
58931
22234
22307
34607
2055
66183
22311
22313
22344
22354
22379
22528
21993
22537
22022
3442
60388
69119
56557
33796
22544
79556
34724
95756
22088
22647
22695
22113
22129
22187
22678
22725
95069
12783
22764
22206
22784
22823
22260
22851
69304
22902
22272
22319
22920
23003
23154
23205
98184
22965
23309
23329
23351
23356
23470
23482
23529
93807
26268
70145
2063
23563
23581
22417
94367
23582
23591
22454
22514
23616
8654
87118
22558
22566
23640
23826
12599
23851
22633
23954
22642
22643
22648
22679
23976
22716
23992
24232
95202
35931
14738
37586
95919
15427
24099
78349
30285
24320
96255
24377
24388
98233
24444
22771
22819
24465
24476
68869
24294
81620
22826
24419
95386
22910
24484
22916
24492
27384
24552
23057
23069
23102
24568
91216
97511
15601
4429
59157
24581
24622
23210
23315
23397
23437
23541
23619
24656
7776
23091
55391
23637
24681
3158
24747
24833
23721
36411
53958
24889
24894
24918
54931
18826
23750
24967
25009
23787
25157
25002
25223
25341
25415
25426
24187
46904
25012
23848
41384
4782
45303
23878
25578
24143
25139
25592
24348
25829
25185
24353
25240
25918
65701
26412
83921
72184
26014
24373
26138
25491
86246
24493
52098
87330
44999
25636
70831
62512
96950
49165
26048
24515
26143
64433
18539
38326
48449
54665
24530
26177
26467
72791
33611
26508
14281
26179
27855
25643
92289
52200
24645
24716
24780
35530
26546
24871
26279
64225
24890
89419
26574
24912
24940
24986
26597
93729
615
57300
10181
86532
83130
85657
26839
26867
25096
80438
34396
25220
26875
25234
26906
96683
93189
26725
27457
25900
46732
27933
29946
22990
4522
26951
27057
6356
27076
27089
25307
27090
27128
86305
9224
78872
27225
77882
86547
36845
94270
54733
27259
27140
25284
31185
27302
27378
27472
25413
25476
27491
27495
25508
65909
73354
27499
27671
27755
40779
25515
27881
70212
27897
27945
27347
97894
4302
28060
27445
28131
10974
23907
59245
71943
28178
39480
39117
13419
25564
25570
28207
28277
28346
3134
25624
28397
25748
11548
36899
13544
18805
45367
43213
50970
60738
27516
27557
28401
26049
26117
28522
26189
28526
28595
65950
68120
62429
28685
26267
72989
70834
28708
26294
28830
81696
79529
26346
28612
26528
28836
28888
28932
29018
29020
26540
96223
93771
26789
29034
26793
29124
29128
29146
27099
37397
27111
29206
14746
16489
38934
29245
29259
27207
29315
29533
85877
85175
83537
29382
93872
74325
29558
29590
11286
95965
29463
27213
29516
27379
40078
27401
54326
19285
14550
24363
73937
69857
63883
48402
43262
29847
30002
30046
95656
27438
96756
92317
27512
86142
27656
27707
1287
30095
30259
30293
30145
33045
27794
30301
30330
30423
4861
30809
84924
27949
28055
53103
30322
30437
30541
30621
4683
5284
30865
51869
30634
28099
24371
28150
30568
28263
30686
30782
94882
38715
22374
10403
47323
28329
30570
3554
28546
30821
30886
30920
56762
36881
30946
66696
51587
30963
28557
30978
30981
30988
31029
31095
28820
47167
69007
62998
5626
20754
65757
31105
69973
63265
21861
24810
28990
29049
31066
6134
31106
43240
30343
51552
32458
79720
93870
31084
29181
48872
31116
69456
42666
90862
31220
31236
29194
29274
31304
31326
96372
87793
18900
36079
31322
29335
29349
2631
13968
62282
54271
31358
31463
31498
51193
70018
13169
31447
29510
31565
42097
64373
83600
16494
36515
18545
31606
29587
29596
29678
31626
71333
31559
31424
32370
33091
29795
31798
29905
30098
30127
30129
30353
30629
31885
35676
44236
46627
31932
84355
31936
31978
32000
75244
44295
42793
46845
32016
32025
21579
32069
32160
32181
91186
68235
71284
68159
32217
32376
32481
30666
32524
32590
32692
32698
30757
30819
75232
77182
30892
30915
32751
32808
14591
82467
76521
85238
57375
32843
68675
30622
26411
30969
31043
33060
94973
52539
90659
79607
32726
13852
90596
33093
50330
77743
32739
33101
50996
33252
31059
33289
33295
33312
33448
33473
31079
33560
33565
52211
60372
58433
45077
64859
33622
81517
87426
32849
72039
79550
33301
31170
31222
23747
95793
33398
31384
33635
33660
31595
31650
31658
33456
2222
33751
31800
31854
31892
31900
31946
31963
33785
33794
33801
33816
36552
88866
5983
32027
33808
33848
32036
48948
21266
19787
33856
32671
33916
20821
47653
73748
33941
38509
53729
32045
33943
33957
66947
33964
34032
32200
34127
34172
32255
38047
32280
32292
34296
34299
32363
32463
34401
34461
1216
47852
38697
34464
34474
34509
45179
80137
46963
86504
91361
40421
34519
34539
6699
34511
32488
84140
56579
61303
62465
67785
70128
34593
3487
34665
34792
59602
34825
34850
34878
28029
34895
34835
32655
34916
34923
66337
36870
91301
34941
34969
35014
30432
73235
90739
3321
72443
61267
35026
74172
59962
35036
32700
3048
2165
73805
11009
32734
32907
35040
32955
33039
33049
33151
76464
47886
35046
81936
33176
33282
35071
35074
35042
33324
35814
28157
1457
35066
33366
35125
35247
35255
32424
53816
35402
35459
82071
35574
23855
35510
35575
35590
35723
75730
98425
71960
35729
33420
3768
35765
35827
35858
35806
70572
33451
33573
33682
35874
33743
69808
35919
35929
33762
22477
14534
39448
35939
36007
33832
36011
36069
36117
36193
36254
36367
36471
36535
36574
39102
36622
36669
47953
41027
36421
36551
86084
87342
77824
36691
36697
78272
89570
36569
68995
99822
94548
36702
36709
95612
36730
33930
36742
36748
52096
36701
34344
69425
10401
4555
3035
36767
34714
34797
36770
36813
34962
35180
36937
29444
10768
36949
35267
35272
36986
37096
71657
37031
37129
37074
98687
35426
35431
35591
27956
37146
37180
37214
35641
5070
8159
37224
35648
37257
37281
62824
77057
76886
37328
37344
35875
35885
35938
36048
36073
36094
36129
36277
36293
37417
36389
36664
37435
82229
72082
42551
76842
93089
92074
36667
37461
37485
37540
37569
50564
37478
36678
37635
19409
36679
36782
49865
53644
37851
87080
37645
88835
43564
69331
4420
37773
37811
37868
36820
36929
36951
20283
95809
59904
65898
92690
37187
13086
17593
15570
37869
37891
37959
37383
16305
38009
38076
6853
77687
38086
38154
38176
38201
2441
37941
37513
37519
38280
38303
3178
37988
84478
38343
37690
69591
69520
12465
38375
37856
38411
38484
10227
38542
25800
34857
94921
38592
96878
37917
38602
59873
38508
60078
49068
94678
10606
4914
38607
37926
37960
37962
38044
38621
38635
38640
38647
4879
53059
57372
38651
38717
38733
38739
38940
92016
39003
38105
38224
38247
38256
39038
60452
46769
55619
60548
16633
22204
22387
39046
38294
38320
38334
39123
38470
38550
76080
52207
38593
39157
38617
38655
39173
39307
39333
39343
38686
38810
39397
68484
39410
39467
28977
39655
59033
70556
39235
25229
38819
39568
30168
39577
486
57354
38976
7331
10797
39588
68050
85394
39669
39680
22230
39709
39749
39017
39047
39059
39193
2548
68162
43619
18345
39750
39230
39797
39798
39305
39590
39659
39850
39890
86544
39723
67069
39912
39994
40098
40101
98798
40257
97532
67694
39854
78119
40289
40295
39870
40341
2426
82171
40386
40400
39996
87434
78211
40131
39894
40359
40134
78407
40413
40250
40422
40342
17861
40464
40507
40394
40546
73043
40556
28430
6562
40590
40609
85863
62311
20331
40486
36851
89417
40405
40640
40646
40661
40697
30037
73484
40520
23291
40744
40548
40895
40929
41168
40633
40678
13397
78499
85590
40793
40781
41031
41087
31532
40944
35264
49049
42663
41171
40952
40972
41060
41092
41129
41177
41234
41369
48257
49230
55245
86804
41551
41632
41263
83325
41696
41741
41856
41314
41861
41909
41343
41921
41927
51914
47373
52730
56634
63519
72742
41930
42015
42040
70256
72506
74975
66268
68084
41946
71909
83353
21731
88931
42119
41546
41585
41706
41798
88829
88479
42182
42191
99354
99711
42259
42299
41863
41935
41954
98729
92674
99154
33175
89441
44274
64410
22577
42562
42322
42610
42635
42752
64365
42758
61702
42746
41984
42766
42779
42798
34405
17899
42080
42768
46447
42799
42811
42121
42442
42457
42838
42859
42880
42982
43076
35780
61985
29592
43099
48208
29639
43064
43096
43135
43152
43210
43218
43302
43344
57026
43393
80118
93751
43402
43232
39485
43403
43422
43457
43465
43541
43609
32174
43185
43202
43613
43677
43668
43254
36189
47746
43689
43810
43827
70576
66646
43850
43903
43917
28246
43923
43860
48623
44074
43275
43381
44117
43399
78758
23160
44155
43424
43449
44176
44199
21161
44247
44308
43489
43546
66525
63885
12304
44320
44444
43594
44570
43621
44183
44573
86145
14837
44523
43866
43968
44025
44040
44042
44659
44044
44665
44713
44705
44732
44158
44171
44201
44330
44472
44633
44737
44761
44793
30365
44794
44817
83
14759
21059
54155
44827
44850
44854
44884
44924
44948
44938
44952
44980
45023
45033
45057
45041
45064
36399
45136
45138
45186
45130
45265
10930
36902
9449
45132
45328
45378
45171
45204
44806
45226
45263
45406
45421
40930
45369
45392
45483
45434
77507
76812
50879
45468
99383
54716
45519
87838
90123
56850
59776
45551
45623
45456
45502
45568
83957
45730
45751
51135
27867
67899
70853
83087
97363
45762
1494
45873
45779
45946
98549
43680
40480
81406
45950
45815
45972
45856
16325
72584
59001
46057
46061
46062
45871
46071
46077
45898
46139
45970
46144
46162
46163
46164
46188
46198
46216
46217
46235
79643
54687
46238
46244
46303
46312
46404
12100
46452
46397
46443
93956
96709
5974
46459
46464
46479
35282
46533
46592
46598
46616
59942
93970
99187
23132
46487
46646
16320
46784
46610
46488
46690
26628
73518
46791
46798
46805
70037
25454
46593
46828
46658
46855
46678
62565
85541
74554
62647
2971
46878
46879
46964
46974
47024
47052
46991
46992
47091
1767
47018
47225
47120
47288
47170
47292
47338
47372
47400
47465
47415
47529
47471
47536
10699
47508
47515
94656
47543
47565
47581
47614
47657
47664
47751
47830
71164
47950
47667
47801
78528
80353
47956
47839
47866
47895
47913
95766
48012
48085
47933
40714
47979
39591
48137
48153
48154
42046
52839
48003
48106
48159
48177
48531
46040
48202
48163
48345
48180
48385
48420
43975
83412
71544
68663
48451
48484
48620
48498
48562
48626
48697
48771
65386
48688
68795
70749
63499
86549
37210
48638
59636
48775
48780
90568
48794
48851
48824
48833
48860
48875
48941
48899
89831
99155
60034
4358
48957
48967
48936
48966
49001
49057
49082
49101
49121
49166
49217
49308
56091
98442
10378
49189
97969
61313
49365
65450
91148
49188
49287
49368
72491
75980
49379
49401
49459
49466
49474
49545
49583
49599
20239
49532
20851
49626
49907
49645
49940
49728
49664
19020
49950
50075
49784
50125
50165
49830
49839
50011
50294
25137
73313
30367
50405
50043
94011
6658
50419
50110
50642
50652
50126
50231
31293
58385
50722
50774
6156
50765
50780
50805
50826
50351
90353
50354
95015
50862
22652
50896
50357
50902
16
25584
77311
51060
51361
77307
51100
51103
50503
49360
64867
51139
50744
23206
51277
51310
50948
51016
51067
51340
51104
51350
53220
83948
88240
51365
51367
51147
51370
51399
51418
51420
97397
51440
70874
51450
51335
51487
51495
51416
51581
51592
47799
51623
18004
20720
23722
35105
26903
32932
51655
51660
51713
51733
51766
51784
51456
51604
51797
9027
37919
30146
51620
51828
51872
51888
51694
51943
51705
51967
51976
52234
66176
52301
52375
40550
52053
52482
60933
81791
84442
40572
40962
95841
52364
51871
52434
40163
93987
52528
51887
51892
89766
52660
92264
51928
9876
52725
12108
52821
52852
55653
9497
52913
52930
53039
51987
52068
52085
52255
52975
53129
53165
53176
53260
53296
52534
52595
53351
53364
52782
53411
53389
18521
4164
5245
53421
52931
52955
53084
53114
53462
17692
53155
32873
53809
85054
53475
53178
53363
53536
53460
53471
53507
53562
53595
53597
53604
53609
53657
53695
53701
53783
53788
53804
53829
53825
82872
31130
76564
68921
53913
53973
54027
54024
54048
54081
30641
54098
54105
54182
22275
54237
54259
54283
54311
54334
27984
54315
53882
43533
54368
53934
54477
54538
61592
54549
56677
54455
53954
53974
53986
54060
54556
81904
81680
54624
54661
54120
54722
54806
83743
92936
80297
86676
63346
640
48793
54141
54816
54821
4898
35670
54850
54905
55019
37429
12947
13696
55021
107
4129
54262
6152
1361
2740
4039
10081
55026
54268
54317
54364
55050
55066
54387
54439
54445
55075
55103
55125
19377
24575
26002
65006
28681
54467
54630
54635
30793
55143
54779
55239
54837
54920
54987
55259
55179
55281
55195
55282
55342
55415
55430
55504
29010
9069
55441
35801
55229
55232
55510
55620
55625
55658
55683
55684
55766
55904
55294
56114
3271
55957
56147
56208
55326
55352
78167
44179
44784
42775
40150
49304
47850
56231
56241
55403
55437
45423
55493
55503
55672
55844
56243
56437
78235
77539
51792
56842
50972
54543
96827
60688
68522
56585
56390
55879
70698
68949
24864
55900
56447
55963
56588
19120
12092
56598
19899
89072
80067
56583
56600
55987
369
56663
56792
56042
56810
25216
28426
31717
56730
56837
56045
56049
56932
25827
91565
25250
97499
56960
57107
56079
56297
56320
56575
56591
56646
56816
57132
56820
57235
87787
56858
56941
57239
99331
64243
58869
87804
2357
9852
60225
57254
56967
57083
57339
89688
18113
57379
57394
94191
57262
57130
53691
92803
97685
64000
30913
9534
10638
57407
57427
57315
57435
57536
57552
66451
16609
1203
66188
14270
57462
24314
21811
57583
57598
57622
75324
57324
57631
57675
57405
57505
57721
57581
13983
57731
57749
57799
57611
29447
24932
57604
37058
57804
57880
57638
57645
41897
37715
80698
33760
81678
57769
98071
57840
39642
57889
57904
58009
10730
57907
39175
72495
49373
95860
64181
81672
95842
57954
58021
67606
58139
58213
58233
58304
57980
80574
17451
87470
24202
58161
58358
58411
58615
58176
58486
58553
58574
58697
58729
58991
20396
11581
90666
72173
58825
59011
58610
58805
59068
59184
58938
59022
59188
63340
59049
59298
59318
59160
59249
59296
59394
2302
59395
78051
7128
59333
59420
59434
59373
59519
59549
9066
8126
52033
29326
26802
59399
59437
59444
61910
61403
3814
59569
59597
59449
59611
59703
59728
9144
84086
59742
36269
79264
76772
99122
59798
59913
60126
60165
59568
59609
59614
60183
54420
52924
91584
59640
59774
59778
60188
24485
85564
59973
24
30968
60190
60206
29561
38661
60193
60272
11367
60305
60247
60338
60416
67329
60387
11172
60486
60577
60593
6233
60257
60292
19879
60332
60363
60668
2530
97380
47454
88742
68043
19051
84728
85404
27513
55522
75735
60381
60673
60556
60430
60628
15809
60704
60721
60734
60756
53739
60445
60453
91065
60630
60752
60779
60781
60883
60826
78124
15176
31643
52490
30614
60902
23282
80407
99781
30347
4272
1291
4621
37928
60909
60917
60930
60671
14487
60964
61007
61010
61016
61108
61114
17410
61080
61143
61098
61192
61207
22441
30943
61256
36625
61306
61391
61461
61479
36905
61540
55740
34671
53653
9382
61590
61643
61649
57601
73279
61158
61662
61183
61593
61345
64170
74913
76618
68342
64247
61689
61603
61771
61469
61852
61893
61895
78811
83009
57597
76872
61904
61941
61951
61965
86695
61868
61495
61522
62031
62051
61667
62118
61760
9378
61777
61817
62144
62162
61869
34246
62190
61880
62195
62202
61932
88389
61962
62248
62213
62446
62456
62479
62486
62596
62642
62654
89642
99395
94813
37425
6632
2081
62679
57395
57237
46225
52433
75140
2583
60746
62688
11305
62658
62678
62697
94093
88555
3076
62723
24210
70075
86186
95169
62757
62775
62837
62838
62856
62858
62906
62967
62969
63056
63110
28930
63131
24166
34805
26805
63146
63230
63237
63290
47124
11629
73301
65980
63310
63313
63348
63355
63363
63418
63442
63553
63505
63377
16803
72116
63393
75761
63612
63402
63613
63654
63727
63479
62329
63494
63630
63520
63554
53812
63676
63627
13268
48009
63658
60819
63759
63791
65205
69723
63803
37820
63833
63907
64050
93429
64077
64162
78823
19145
64209
11111
78858
24582
64259
63880
63793
63906
63933
63997
64031
64261
64275
64032
64171
64139
83773
64344
64349
64361
20768
68460
89059
96160
64383
92573
4543
13134
64466
64599
24615
31370
64626
12432
64231
64642
64254
64399
64481
64491
64648
64765
21653
11132
68323
64570
64770
64610
64680
64748
41720
39541
20937
72421
24758
75687
56698
8580
40508
23299
55150
64634
64746
64822
64851
64894
64782
64882
64903
64957
64949
64933
64959
64955
65033
65042
65085
17949
65154
65183
65255
65298
65457
65479
65417
65550
65256
65569
65571
65630
50584
65668
65258
65346
65746
68306
73216
91731
65712
65771
65735
65737
65801
65840
18883
65998
66004
66016
66079
66143
66166
14621
65416
65426
66232
17740
14769
97400
66234
66366
66371
66468
61272
66486
61434
66592
98225
66679
66690
66693
80683
29936
66764
66792
66797
66830
84574
66857
66921
91893
95308
43485
66475
65532
77603
67022
55688
25847
13432
67104
67140
67165
65570
67182
5525
67199
65601
65845
10434
38982
67206
65990
66025
66089
66098
66249
58337
66273
67271
66566
66598
67219
62526
67438
67456
67551
66716
64381
98246
88162
67511
67571
67590
93935
96848
66839
67621
67697
67006
67132
67143
67274
67386
67468
67708
67717
97163
67722
67797
67843
52818
67857
67614
67770
67786
42631
67796
97756
67865
67984
67880
68034
68069
68123
60528
66895
927
68070
68117
68164
68214
68259
68304
68305
68312
68338
68450
68491
70744
32520
7813
43520
10009
43060
68426
68499
68541
68618
68510
68699
68760
68877
69038
69046
69093
49342
68763
92925
69153
46726
99534
69203
56611
69231
69201
69295
2598
55221
83361
69322
68542
68592
68596
11881
87130
69344
68635
69378
69380
7412
68643
68778
69393
69429
69434
69477
7803
40216
68820
69557
69578
68824
68932
69048
77506
69114
57639
86955
61032
3038
60865
75603
69621
69167
69245
66266
66539
69682
69720
69738
24309
90869
95436
36360
77214
69771
69793
69264
69271
69325
69335
69379
69826
62366
23113
63989
6655
47840
69490
69594
69684
69837
69819
69861
69875
69886
69927
69981
70024
70160
70162
70181
70202
70204
70224
70239
70247
70265
70343
72315
86164
70376
70381
70398
70279
65134
23538
70316
70497
70390
70404
70567
67950
70581
70471
70494
70526
70580
70595
70620
25421
70637
70614
70658
70704
70743
70773
70848
45497
70663
48599
72576
82762
79311
70761
70899
70717
70942
55883
70944
70808
70961
70967
71006
71111
71142
70939
81000
83621
76046
49008
71331
69453
62327
55355
71429
71008
56159
71169
71217
59841
71449
71573
71577
71580
71587
71595
71602
71624
71649
71652
71715
71743
71773
71794
71814
71825
71828
71853
71858
71867
71877
41664
88226
88842
71896
71883
51069
71117
71938
72006
71902
72062
72070
72086
61222
72108
72164
72230
72049
72239
72300
72052
72079
72218
72310
72333
72343
72354
72368
72835
7913
8254
48188
72408
12395
66294
62960
64590
99565
157
47804
72453
72463
72563
72530
72596
72571
72617
72642
72662
72681
72729
90379
30111
72804
72860
72914
73154
22495
72705
72924
5062
73022
73027
72786
16465
97016
73032
88318
73039
73052
72901
72950
72987
73062
73091
73121
73148
73198
73224
73257
73271
73320
12377
48606
73317
19882
22012
13094
73383
73348
73528
73398
73497
73514
82700
3
73540
73778
73789
73795
73866
73892
73896
73914
73916
73924
73941
73951
74004
74026
74028
74057
74062
74107
74119
74128
74147
74155
74175
7240
74260
74186
8241
74275
9179
74195
9562
74279
74293
74311
74312
74317
74364
92411
74433
74468
74401
74490
12361
14010
15759
16978
74413
74496
74513
74599
24688
74491
74537
74559
25767
27613
74643
74590
30224
74674
74730
74762
74764
30929
74839
74784
74904
74880
74930
74973
74976
75028
75031
75062
75093
75095
25456
25690
75100
75138
75053
75146
27323
28507
13445
92700
75262
75276
75333
75341
75349
75386
75393
75458
75395
75442
75763
75768
75479
75784
75525
28978
75573
75608
75742
75796
75811
75836
75863
75887
31214
28278
75890
33441
75903
28908
40823
43280
48094
75912
75938
75883
75901
75942
37864
46132
75951
75973
76044
76063
92101
76090
75948
76008
76062
76202
41773
62135
14710
56626
58861
76302
76414
76488
76185
76538
76249
76395
76549
76396
68620
76469
76554
76544
76555
76566
76606
76614
76624
76632
76640
76773
76824
76889
76895
76897
76910
76920
76931
76956
76990
76998
77016
77029
77039
77062
77068
69472
77102
77172
77178
77193
77224
77226
77264
77275
77281
77283
77315
45388
77250
77279
77330
77456
77493
77754
89173
77352
77814
82027
77602
77823
77440
77832
77480
31634
77829
77840
77650
77737
77847
72385
77921
77741
69116
74287
76829
77955
77974
77999
78002
78006
83749
38486
77750
77769
77784
78018
77965
84197
76697
77957
78040
78044
88182
77992
97966
78262
99716
78356
78357
78038
78282
95494
78352
78370
78449
78453
78462
78491
78588
78595
91095
78610
78662
88852
78694
78705
78755
78726
10851
78803
78848
78852
78854
78864
78869
78881
78891
78929
78958
78965
79002
79007
79017
79030
79051
79082
79136
79138
79183
79265
79275
79279
79306
79317
79373
79423
79558
79559
79344
79566
79583
23006
79603
79622
79664
79627
2180
81235
79675
79679
79412
79701
79715
79807
77399
79809
79413
79434
79470
79565
79860
68368
50651
16334
39536
79916
79958
79981
44892
51513
80000
79678
79700
80023
57691
50290
80085
79762
80087
80157
80171
80216
79879
80251
80234
79887
70229
64414
66054
77009
77007
80387
80440
79893
80006
80431
80534
5050
80464
80098
80548
80570
80121
80145
80601
80193
80236
80607
80663
80734
80986
80381
81001
81051
80456
80778
80809
81009
81041
81106
81193
81244
81197
81272
81292
81419
81373
81526
81576
81396
81646
81411
81527
81583
30520
73111
16731
81716
81747
81781
81560
81668
81726
81816
81742
81874
48907
81942
58000
81932
63432
42485
6002
81771
81967
81927
81982
82010
82097
82036
11488
53069
82068
82192
82105
82146
82181
82186
82350
82187
82425
82466
82484
79537
42142
82283
82305
82486
82613
72004
82509
64627
2310
69035
82380
82416
82695
66795
82458
97114
47576
82708
82797
82790
82802
82812
82889
82906
83049
83106
83165
98498
90664
43532
82897
83051
43059
49851
83170
83174
83234
82937
83032
83308
83336
83357
83395
83397
83401
83345
83440
83533
72532
83624
83813
83368
83883
83369
83887
74924
76732
6545
6081
19273
23864
48164
74309
61373
83890
83429
83493
83812
98368
85234
84100
8289
84200
84243
84338
84365
84236
87336
83859
83877
84034
84459
84467
67673
88461
48027
84145
84217
84508
62945
84536
63835
83799
27229
47386
84248
45924
84543
1815
84374
14290
24142
84575
84600
84612
84627
84628
84658
84677
84683
24893
84685
86247
84704
84699
84720
84833
84878
84795
84796
84855
84952
84939
90661
1574
84974
19034
85055
85077
84957
84970
85085
85090
85092
85099
85097
85131
85147
2168
32136
53702
89689
85194
85207
85222
85285
87441
95444
85310
85328
85219
85225
85235
85320
85389
85437
85616
85669
53326
85646
85700
85365
85710
85717
85780
78641
85837
85972
85396
85997
85542
29583
35067
21110
55005
18186
85623
19391
48067
54030
20305
97094
85905
82199
85631
86007
85748
86053
86134
925
85845
86183
84431
81872
86188
86189
86258
86023
86150
86275
86282
86295
85374
80678
51317
86304
86362
86367
86255
86485
86512
86439
86538
86591
86480
86611
86516
86613
86775
21168
75430
85644
12879
76838
86620
86784
86574
86633
86639
86694
86714
86792
86840
86908
87084
17549
86759
87122
87141
87172
87224
16093
87291
16532
87268
87286
87295
87334
87389
87481
87485
87524
87542
87592
87632
87660
23609
20127
22700
87736
87764
24849
57293
19559
16194
87643
87794
87811
87823
87853
87861
87875
87877
87914
88008
87890
87895
88062
88177
87903
88059
88072
88101
22882
12684
23596
88110
21081
88196
18075
88213
88247
88267
88276
88293
88294
88319
88328
88339
88399
20360
14326
17364
15867
88435
88474
88517
88534
88578
88627
88481
88538
88647
88617
44531
10591
88698
88644
88768
88808
88840
88854
4246
5249
88953
88845
88962
88855
88883
88897
9964
88900
88901
89016
88990
89061
22377
8005
88999
20951
89191
89216
89245
7861
8642
26190
65219
89282
89332
89040
89333
89083
89171
89385
89239
89420
89429
89511
89497
89534
89540
89576
89734
89743
89746
96905
32837
74379
89687
35582
33306
7305
89543
89783
29033
89662
25806
30899
32124
89786
89790
89882
89890
89922
89927
89946
89959
90011
90055
30949
28580
90163
90252
90263
90271
90306
90325
90428
35232
90432
90476
90497
90528
90639
27000
48502
30489
90717
90724
90621
90742
90748
11151
90811
90682
90694
90819
27916
76962
90839
90795
90837
90933
90857
36183
26253
91035
91085
90875
91121
90941
91136
90972
91001
91086
91173
91188
91202
91210
91268
33557
35362
35085
41381
41224
43933
37924
91316
91258
48440
43576
39530
91325
91478
49407
63012
91340
91506
91372
91520
91669
91488
91515
91543
47319
41285
43459
9537
91579
91676
91634
91690
91740
48064
91855
58795
91697
91876
58336
91878
91704
91922
56461
53437
60997
92076
91741
92115
91754
91832
58098
80094
92122
56008
92196
92141
56481
92360
92157
92367
84891
92192
59072
60988
92320
92449
51065
54510
92434
92384
92621
92412
92689
92445
92699
92714
92782
92586
92830
92887
92935
92959
92968
92982
58979
56056
56715
92934
58030
77936
93027
93055
93100
93149
93156
19487
62274
93164
60298
93209
93040
93067
93106
61290
93228
93323
24482
54076
93352
93148
59050
93221
93358
93390
93166
57737
70795
93238
93275
93287
65422
93240
60143
93401
93437
93268
93486
93522
63696
27556
93465
65066
93536
93542
93543
93551
93571
93595
93606
93617
93654
93680
93740
93663
64046
64456
72063
71748
93694
93904
93780
93920
93848
93936
93914
76429
68199
93978
93982
93952
93993
94024
94026
94056
94104
94111
94128
94138
94180
68654
94274
69171
73969
67805
94135
94187
94213
94352
94395
94397
94413
94435
94438
94447
94492
94427
94588
66588
94616
64425
94633
94540
94704
94748
94900
19349
94822
94905
64280
66985
94637
94841
94955
94958
69820
65853
68421
63875
32557
71446
36939
70586
94782
94997
95001
94835
95009
95038
95051
95119
95177
95061
72353
95097
95155
95228
95297
95319
95450
95464
95480
95513
95517
95531
95557
95577
63125
95660
95542
73513
95597
91925
87785
93918
96458
37013
95673
95580
95845
95914
95582
95583
95586
95642
95659
95740
95750
95807
95958
95887
98821
94240
33001
96038
96134
96249
95943
96227
96287
96310
96317
96334
96355
96359
96392
96398
96448
96456
95770
96474
96477
96508
96564
96577
96582
96684
96690
96820
96825
96846
96862
96884
96890
96941
96991
96999
92640
91729
97004
97009
97012
97022
97032
97067
97076
97087
97105
97137
97160
97178
97203
97207
97215
97221
97224
97248
97250
97268
97257
97307
97308
97324
97392
97394
97429
97466
97568
93415
96984
88480
8946
97506
91821
97533
97596
94100
95709
97606
92129
93879
97622
97661
97895
97760
93034
98222
97936
97586
97619
98086
98143
98176
98318
98182
98205
97647
98332
98398
97654
98409
98511
46441
98437
98474
97761
97767
98539
97768
97823
98639
97835
97848
88011
98650
97886
98002
98025
96465
97757
88342
99687
92983
98667
98075
98686
98714
94154
98747
98081
98129
98142
96553
98797
98886
98242
98943
98946
98965
98967
98248
98362
98976
98366
98391
98992
98403
98294
99026
98458
98486
99038
99172
99241
89838
226
4801
4448
47914
696
10250
99059
9202
9622
98490
98596
98756
3563
79585
85821
60971
99215
84111
81786
98795
99292
98908
99031
99417
76299
99467
99345
99399
85778
99470
99507
99604
99624
99693
99723
99741
99707
99767
99806
99851
99856
99934
76968
78876
78187
79774
82252
86111
81913
75752
83281
80284
83483
85772
40340
40593
45185
38147
45701
42096
47822
42382
73992
30151
17823
62988
46542
4991
71851
50881
67629
51867
55168
67839
73054
58664
44950
52803
57189
61339
56501
56718
52276
50636
50790
56933
58115
50214
57212
62062
58272
57038
26568
64796
70983
66068
69294
63634
70650
62667
71572
71387
63650
71956
67860
69718
69280
64069
32735
66462
69423
75910
92413
89588
7000
31410
39396
49976
86593
44407
28627
4700
11449
13525
81953
28649
40172
60941
63911
79759
67654
77648
88229
22766
