13
64
765
378
181
136
578
200
87
380
930
422
671
508
945
870
269
54
787
77
260
810
4
573
447
607
29
878
501
544
107
472
611
196
673
929
234
193
500
695
264
699
290
654
101
143
321
134
720
194
317
704
350
996
232
0
939
679
964
404
537
603
803
717
749
246
957
783
481
531
263
245
470
259
631
851
808
371
127
354
962
586
490
98
228
774
763
191
740
788
327
848
301
940
905
85
155
225
650
715
757
993
584
441
268
423
236
798
879
526
721
135
43
806
31
187
362
600
47
701
258
512
382
698
839
845
784
971
365
140
645
399
60
412
904
433
882
326
477
782
907
974
819
289
469
792
216
377
604
151
590
977
190
165
615
453
467
535
702
947
711
70
432
46
79
114
465
862
35
147
152
281
822
49
364
411
124
8
901
231
719
307
992
910
384
548
933
126
516
530
443
455
585
743
368
97
716
376
624
724
731
217
219
937
99
417
435
532
693
414
593
180
770
855
421
7
28
57
62
118
302
310
314
338
420
463
488
504
729
769
914
553
81
221
336
900
63
21
954
189
116
627
606
416
210
656
247
42
172
981
235
610
58
468
773
320
777
473
768
762
521
206
805
927
55
460
418
461
388
953
619
804
739
760
598
758
158
552
918
494
19
660
676
785
793
949
78
708
616
551
413
582
639
89
138
700
829
906
618
970
454
837
632
824
102
880
6
408
340
556
911
738
296
920
525
358
52
886
298
543
726
836
203
868
812
737
243
818
3
474
567
665
797
916
198
254
359
658
237
734
156
814
486
131
668
162
34
680
293
640
921
959
963
148
816
253
476
967
495
694
583
401
20
449
689
952
767
86
776
333
239
319
462
72
335
863
250
796
771
997
707
266
391
489
173
794
427
883
865
9
121
220
833
39
248
429
48
410
313
456
179
938
966
877
315
549
597
864
487
559
406
68
735
482
407
840
278
946
106
820
545
892
88
209
985
861
458
510
166
226
464
41
546
577
722
522
594
347
485
214
331
240
592
393
163
379
167
311
728
373
444
80
628
448
641
244
16
778
850
854
271
285
823
838
591
973
988
50
343
890
303
40
457
541
580
835
972
374
936
652
273
175
409
272
332
322
712
316
657
669
867
617
309
103
213
613
561
960
390
270
128
834
873
129
330
144
170
205
396
400
437
885
896
355
529
536
576
94
108
110
112
366
367
438
677
688
730
387
759
199
139
363
542
924
370
827
672
909
579
523
56
498
982
540
169
318
82
800
385
518
791
634
188
67
786
697
587
825
59
195
30
349
931
876
305
339
229
948
342
430
71
897
713
780
684
846
696
602
943
176
452
524
96
651
308
630
687
389
795
74
274
325
857
92
565
866
725
1
356
872
588
871
142
710
261
428
182
295
874
661
90
550
533
614
919
104
968
663
636
538
113
478
811
983
329
755
440
431
394
471
397
287
130
154
752
37
894
568
746
955
781
841
186
705
223
14
65
571
589
426
902
483
424
690
36
507
984
164
22
125
284
215
249
207
801
496
381
505
451
706
475
257
2
517
277
514
38
515
5
856
168
649
75
171
638
554
122
686
312
958
629
18
27
709
351
291
714
745
736
942
527
323
595
255
899
923
601
753
230
807
509
425
242
348
83
572
655
830
691
802
648
895
145
979
436
69
442
852
859
678
764
204
831
324
742
990
383
53
766
574
222
646
492
557
925
150
826
