75052
12687
62554
62563
62590
2101
87514
53
123
131
348
25008
34603
25075
50030
50107
50207
87589
12729
74922
12758
87624
87769
12785
12793
12837
82166
12839
12890
13005
13204
13335
13424
62992
29659
63047
63180
63279
63369
356
373
31562
732
1096
1141
1493
1615
43390
1701
1734
1831
1970
2135
25088
91087
25377
25386
25408
25469
25502
25506
935
25558
25565
25632
25670
25823
54100
25896
26060
26297
75066
63449
63692
12340
63795
63811
63851
63890
75289
36482
75454
75474
75506
75569
75660
75669
86261
75673
75760
75834
75933
75965
76026
54462
76049
50215
50256
50263
50267
71270
50268
50342
50412
50459
50556
50599
36113
50647
50779
50833
50834
50863
50913
13510
62357
13633
13657
13704
13725
13743
5645
13827
13920
13949
13957
13991
41607
14653
14689
14783
14798
14974
55668
15131
15159
15178
15310
15417
15620
15622
72053
16068
16247
16468
16620
16626
54647
16664
16725
16890
16945
17024
17126
17255
70493
17351
17385
17483
17579
17583
17618
17518
17662
17695
17883
17909
17958
18257
98501
18495
18690
18695
18734
18783
18924
13909
19140
19259
19277
19301
19450
19601
4765
19618
19872
20298
20312
20324
7272
20378
20467
20515
20526
20543
20579
78485
20660
20765
20926
20928
20954
96425
21042
21066
21105
21167
21303
47931
21346
21425
21443
21596
21609
34361
21748
21800
21819
21843
21855
21952
31503
21994
22120
22288
22338
22345
60319
22549
22556
22636
22719
22817
23001
66481
23124
23203
23247
23379
23448
87511
23511
23869
23890
23914
23946
32587
24047
24069
24163
24191
24480
24569
24954
35656
37524
37720
37849
38020
38261
38319
59622
38321
38677
38897
38918
39129
83592
51018
51158
51295
87881
87909
87974
33288
88092
88295
39337
39364
39414
39432
54812
39544
39606
39619
39657
39834
39984
40171
72013
40212
40248
40298
40457
40465
72165
40493
40569
40622
40668
40724
40754
36908
40904
40957
40989
26459
26469
66207
26558
26663
26874
27094
27132
27175
54751
27376
27385
27386
27396
27403
9108
27454
27492
27924
28145
28297
42190
28342
28518
28805
28920
28965
29032
52253
29052
29076
29140
29142
29212
83153
29469
29610
29749
29799
29900
30045
32530
30096
30167
30192
30345
30356
30394
22189
30487
30538
41093
41176
41297
2972
41419
41483
41522
41635
41949
42057
42124
52588
42278
42285
42358
42445
42573
84301
42647
42707
42767
42849
42874
29448
43268
43311
43557
43701
43780
44027
20354
44102
44163
44313
44448
44456
44632
21545
44870
44911
45006
45126
30691
30700
14843
30733
30882
30893
30956
31031
45829
31060
31261
31338
31448
31501
31566
31592
72669
31756
31767
31927
31993
32007
40961
32046
32110
32306
32316
32337
74828
32443
32455
32476
32532
32586
10232
32718
32722
32730
32878
32935
33215
43802
33318
33423
33436
33545
33724
33774
33835
99063
33847
2182
2397
2409
2757
25813
2903
2964
3064
3224
3235
3293
548
3458
3583
3644
3736
3805
3834
16323
4176
4200
4296
4327
4439
4477
4537
47783
4580
4581
4633
4669
33897
34073
64007
34136
34187
34307
34404
34445
34502
21849
34524
34553
34624
34716
34726
34815
33130
34899
34955
34979
35006
35012
35052
39191
35088
35130
35313
35380
35420
35532
35668
57109
35730
35976
36070
36101
36341
12810
36441
36483
36563
36942
37045
96062
37306
45475
45498
45499
45599
45644
45741
97893
45768
45786
45979
46003
46395
46412
66931
46422
46474
46536
46545
46787
46832
58143
47151
47421
47509
47524
47634
47893
79579
47899
48069
48273
48371
48408
3569
48435
48634
48732
48746
48753
49113
49233
23761
49250
49660
49789
49809
63958
64564
24654
64689
65121
65248
65295
65322
65538
65595
32087
65718
65841
65883
65928
76107
46361
76318
76539
76563
76671
76713
76741
64997
76865
77000
77189
77286
77419
77615
35878
77622
77954
78210
78335
78359
78414
64369
78531
78625
78632
78678
78731
78762
78888
53108
78995
79016
79117
79124
79217
79396
22790
79656
79751
79811
79922
79944
79955
80008
25351
80062
80188
80242
80259
80416
23500
80576
80591
80634
80760
80770
80883
60156
81007
81093
81102
81129
81145
81181
62417
81183
81209
81562
81602
81752
81755
62415
81800
81845
82064
82082
82094
33243
82096
82162
82356
82440
82455
82556
82563
93763
82717
82764
82955
82961
82975
24276
82990
83081
83190
83275
83310
83406
19152
83617
83747
83965
83969
84075
80897
84196
84244
84398
84483
84608
84609
84676
76385
84788
85110
85169
85248
85318
12822
85440
85452
85463
85470
85559
85746
85763
19896
85903
85907
85966
86037
86140
86450
86572
69719
86860
86874
86905
86967
87012
74673
87026
87049
87187
87207
87246
87371
83873
87412
87469
88296
88297
88354
88402
70386
88497
88581
88588
88649
88737
54205
88850
88922
89093
89361
89375
89495
80822
89517
89518
89524
89584
89710
89908
89935
94820
90044
90047
90334
90357
90515
90523
102
90552
90681
90704
90904
91037
91091
39155
91107
91356
91510
91641
91774
91796
35078
91884
91976
91983
92041
92293
92329
20556
92332
92891
93132
93282
93298
93552
68291
93766
93855
93863
93903
94006
94167
60049
94200
94230
94237
94244
94295
94365
94333
94453
94473
94566
94707
94747
94988
28971
95122
95153
95168
95295
95364
95388
52131
95445
95621
95738
95784
96011
96052
96358
69588
96420
96467
96596
96786
96796
97008
95073
97082
97146
97174
97372
97504
97570
69952
97643
97724
98060
98092
98208
98211
9432
98264
98376
98464
98575
98598
98606
67747
98781
98817
98947
99011
99091
99113
68498
99132
99189
99208
99244
99522
99630
16210
99658
99715
99788
99830
99872
75403
99875
4700
4785
5008
5213
25504
5463
5523
5818
5946
6009
13368
6022
6258
6289
6335
6389
6425
61716
6546
6873
6959
7079
7132
7523
7830
74959
7956
8075
8134
8140
8193
60392
8423
8437
8499
8553
8769
35595
8843
8875
8928
9181
9358
9680
9772
93340
9809
9918
10062
10193
10689
10788
81667
10850
10863
11154
11528
11600
44715
11637
11802
12018
12115
12128
46484
12212
12421
51477
51509
51511
51770
48073
51802
51910
51912
51995
52019
52050
38990
52066
52070
52143
52191
52229
52336
7119
52340
52400
52559
52616
52721
52928
79784
53008
53090
53301
53431
53476
53671
10731
53773
53856
53955
54045
54047
54083
13462
54099
54367
54552
54618
54672
54946
55185
16948
55206
55485
55502
55513
55552
55560
34843
55570
55784
55868
55886
55912
23506
56105
56153
56184
56275
56287
27419
56303
56367
56414
56506
56524
56541
7031
56635
56662
56679
56751
56892
57005
25783
57069
57082
57122
57138
57171
31691
57221
57263
57267
57385
57585
57757
57790
49031
57909
57968
57971
58056
58096
58225
55657
58276
58294
58344
58482
58533
58617
57444
58783
58819
58953
58972
58997
68461
59008
59076
59117
59320
59575
59664
24837
59783
59819
60063
60111
60125
60135
53956
60171
60234
60334
60535
60609
12483
60690
60757
60769
60777
60798
60858
60860
5566
60881
60946
61520
61596
78460
61647
61818
61861
62198
62351
62418
27466
66067
66148
66155
66263
66372
66430
66434
62562
66466
66541
66738
66804
67085
72510
67142
67272
67453
67691
67752
91944
67886
67934
67989
68201
68231
94107
68383
68477
68518
68589
68703
68730
32147
68793
68809
68913
68961
69079
69113
69140
32097
69314
69339
69534
69567
69643
69644
77268
69654
69741
70144
70190
70534
71037
8511
71093
71097
71159
71487
71579
71662
68418
71941
72022
72033
72106
72174
72269
994
72299
72427
72431
72432
72484
72523
72541
76445
72745
72830
72844
72891
72963
10192
73002
73086
73418
73679
73717
73749
73814
45200
74236
74304
74375
74506
74522
74791
10693
74806
74815
74831
30404
98604
50544
79681
90241
25961
4334
67315
65257
50227
15327
88249
2877
26003
26945
28556
31578
75961
93405
96194
38480
12910
42730
34171
82898
38019
11209
45413
66474
88271
30807
68844
20097
46148
44242
50257
44441
20785
47001
89964
16577
25845
1332
39488
99668
78525
19157
1320
3703
25366
29820
37291
94051
4611
64812
68567
17063
20000
33357
71561
53305
58234
7690
49908
78519
18601
61175
82711
97976
31459
67156
51449
57524
40951
60197
89945
81824
9919
96331
26376
49835
88252
5109
37853
56639
63560
63706
88122
63562
77129
86834
93320
14445
26739
82401
16961
70353
52413
36373
1041
91730
1733
10048
59754
40716
46513
56999
8178
12507
48609
16807
24874
41099
33006
50371
90292
35235
81944
52813
69570
49650
27925
93341
54747
74763
16087
88691
99591
57452
85429
61077
64893
79934
32298
37175
51259
62071
84299
917
85503
1940
20873
69706
22624
9402
66390
67817
70585
51923
95565
2908
41887
57823
39887
42167
91663
6204
69200
61470
61420
68119
48840
986
96058
99665
80465
5437
95884
33345
14220
7002
7445
25311
28664
75635
77728
82885
98586
63098
20872
21002
67323
16303
17085
19891
38803
10660
96853
72969
33931
62707
20291
63702
76453
10874
99558
73693
74801
73815
23783
24749
66547
28206
75110
75342
50188
92740
80306
29125
62874
67237
64253
26455
27553
36107
93576
63953
56341
57465
72524
48242
22395
31361
33140
35768
94045
95354
51497
40956
55936
10568
28271
47538
10486
76747
34975
53798
99361
46660
15320
18398
56322
61901
475
624
1956
2187
57673
10302
11956
50056
75019
37507
62540
62580
62586
12549
7
93882
45
9492
86
23607
83102
91508
50971
45620
76659
97754
61346
21234
93017
87705
9254
90
100
101
103
106
67320
33471
52791
108
111
159
162
25054
24840
184
73349
91466
8606
13601
40722
44649
58371
85668
5972
59224
81170
11322
221
229
232
261
280
12617
37554
75032
87688
313
321
46256
50762
52838
14911
43333
81226
336
341
345
351
397
412
438
621
642
456
76929
55724
34562
81536
69479
1139
51293
56299
81627
84663
39943
92870
5381
471
533
597
598
667
688
727
765
794
824
834
887
923
62749
62768
25084
946
949
958
23584
65639
966
972
989
1003
1027
1051
84273
62027
1082
1084
1106
1126
1138
1143
1148
1173
1179
1202
1233
1256
1295
1345
1374
1422
1509
1514
1605
25108
83784
1616
30795
1629
73542
42894
1652
1657
1667
1680
1754
1763
1769
1801
1901
1934
1833
56155
1955
2015
2072
2096
56921
2122
2166
2211
2219
2259
2271
2284
2324
2336
2338
2378
2442
2385
2547
79458
2414
2445
38495
62293
2878
87214
2516
2522
2544
2556
2625
77138
2626
2629
2662
2677
2700
15996
89437
62252
2703
2727
2748
36488
2756
2762
25711
2763
2774
87709
93820
2842
85521
2893
2897
2932
18531
11119
73147
75969
89757
41914
13677
22079
67516
14499
27598
72474
2951
2967
8223
2999
64660
3020
3095
95315
97752
17347
13905
18302
71914
3180
3204
3207
3303
3311
3327
3343
3354
79050
89218
87670
97659
3361
74538
39537
3381
3388
87585
39816
9699
3402
49071
3423
95265
3433
4816
1150
28662
3495
89247
61172
3508
3509
3523
3581
3611
33731
91958
17329
28521
72316
3657
19757
3661
3666
3667
3682
3687
3714
3793
87810
3838
3840
90633
35713
3842
30750
3879
3883
3892
3925
3929
3993
39454
2955
4009
4023
4053
4064
4096
4111
4155
4160
50209
50293
50335
50389
4169
4180
4186
4191
4205
4236
4253
4255
4285
15668
4316
4342
15681
33485
4343
4346
16868
35000
479
28740
4364
4386
4402
4442
4447
4467
4475
53930
43142
4501
4518
4533
4548
4604
17172
4632
4641
4655
4699
4708
4713
4726
4761
49490
97691
4779
4821
41906
4822
4837
4868
4880
5049
6702
5052
5101
19324
36258
93713
11010
32312
5105
5128
45608
74733
5150
5152
28208
5187
37674
5204
5248
14838
5267
5337
5434
5455
60872
5480
5510
55943
29884
60813
91238
16153
5527
5536
5545
5554
5563
50431
5576
5591
27480
38590
39159
5594
5598
5625
5650
5735
48591
5764
5787
5789
5800
5813
5827
5865
5905
5922
5943
5961
5975
5977
5991
6092
6127
6131
6189
6221
6224
6226
6245
6274
6290
6313
49034
6319
49094
52545
67236
84770
6322
6344
65923
6481
67076
61993
6512
6514
6556
6585
6603
6637
6639
6651
6667
6704
50456
50558
50810
7822
50818
50821
6729
6736
6761
6777
6799
33119
6810
6817
95653
67466
23972
6821
6826
1566
46546
56167
6830
6869
6877
6930
6130
6932
47885
84337
47309
28680
6978
7008
7016
50835
7019
7080
7021
16453
7057
7066
7071
33583
77759
85929
7096
51688
41096
7107
7141
7145
7164
7182
94002
98991
28366
70706
7200
7218
91398
10337
68515
40630
7222
61232
63525
72305
75868
41983
61431
82342
7268
7336
7363
36707
7391
7399
7408
7453
41704
85402
20916
7476
37859
7481
17256
32746
7483
7535
7648
7651
7659
7660
7675
7707
37470
7749
7752
94158
7753
7754
92318
16711
7775
7829
7891
52613
7914
7917
7921
7950
7969
7978
70612
81474
7980
17446
8071
8093
8102
8119
8144
59153
65406
83001
8179
8233
80341
8250
22124
34576
12818
68616
8265
8292
8295
8299
8322
8334
8368
8371
8374
8427
8522
51150
8524
75046
8444
8448
8473
8500
8510
8517
8520
12620
12625
12639
37825
12655
12691
12723
12862
8526
8537
8547
8586
8610
8639
8670
8679
8743
8766
8795
8877
8910
8942
93286
8952
10254
8966
9024
9042
9049
66344
78413
9054
50051
14530
3889
9088
9098
9106
9115
9120
9137
9178
10702
9192
49671
59491
9210
9216
9270
9340
51504
9365
96095
9395
78736
9408
9506
9580
9606
37783
88305
9607
9616
9628
9655
13008
9697
50367
17156
46438
4062
20111
40671
73696
9702
81077
9739
9762
9819
9858
85236
53468
96127
37162
49927
9871
87258
74439
24296
10747
9897
9911
9971
9975
9993
10063
10136
10164
10182
10215
10216
42580
62869
76848
88253
10246
92868
10264
59213
10281
18786
50890
10329
26078
64424
10334
10356
8436
34683
57292
10371
70446
10372
10394
10404
10418
10420
10452
13017
75061
75071
75112
75132
10465
10467
10488
10542
10543
10551
10573
10587
10588
10614
10636
10657
14204
53949
10659
10726
10740
10785
86462
16946
43725
92506
10787
10802
10837
10888
44340
10929
10934
10944
10955
10962
10982
10993
58057
11012
11030
11043
11047
11062
11067
11071
52700
75134
11073
75177
75205
11075
61024
91848
11082
11131
11180
11235
96900
44986
3306
11242
11362
11376
11389
11419
11460
11470
11566
11605
11606
11643
11656
11679
11698
11762
75298
11765
11808
11820
11837
7228
11858
38022
59141
11320
80163
11869
12094
11923
11927
11941
11954
11958
11984
12028
1842
12085
12088
43880
12109
46268
35854
148
12157
32712
12203
12226
63852
30581
93642
67714
12228
12233
12238
12239
62106
12250
12284
12317
12321
12344
12350
12357
62760
12402
12428
7589
12443
56192
12446
23371
12471
12487
47095
67933
12490
12496
77357
12568
12584
12643
12669
12680
12735
12766
10256
27239
12790
12880
13014
13041
13073
13077
13085
13140
13170
13173
24668
60014
80264
13194
90701
16928
52656
51336
13203
13245
13294
13320
13328
13343
64738
13356
13439
13491
13553
13582
13589
13598
13626
13653
13697
13722
13769
13800
13830
84307
71243
13842
45025
13866
13868
13870
13916
13937
7206
64914
13963
13974
13978
13988
17023
13998
14002
43867
14019
65567
14035
56533
14039
14046
14061
14063
14076
11492
14078
14175
14214
14239
14382
48023
14418
14473
14491
14538
12248
91537
14543
67473
72923
19606
42600
35268
14130
94643
16330
9733
4319
3040
7663
89285
93657
42964
94895
14001
14551
14565
14616
14654
14658
14718
14730
14747
14795
14802
14816
96304
14848
14851
14880
14894
14936
14958
15008
15031
67062
8638
31534
35090
54723
69428
15066
97242
54839
15090
15101
15118
15126
4008
15134
15141
15170
30003
15187
15229
15253
15288
15335
15341
15369
15380
15422
15462
87972
15468
19646
8278
84417
15476
68347
15483
15488
15538
15614
15638
15658
15666
15672
15704
15711
15770
15779
88384
85752
15782
15859
15898
15907
15938
15949
15960
15975
15981
16014
16060
16127
16212
16217
16225
16292
16310
16318
16339
75299
32733
16324
89675
92365
16347
16361
93679
29911
16369
83645
11457
54957
61783
67599
52273
80866
27957
10833
33986
36226
17852
16382
16404
16415
16480
16523
75417
16525
16538
16539
41028
44487
16541
16550
16561
16569
87052
36074
16575
16652
66798
16663
16726
16730
29440
76994
78644
81360
16757
14912
59365
39394
16759
16818
16839
16856
16886
16908
17028
17049
17058
92217
42263
17061
17067
17102
71472
47262
17173
17184
13802
41222
17272
91404
97739
98352
36502
22529
70362
17286
81819
33649
97801
24089
96284
17291
17307
32361
17320
17332
17369
38023
17394
17491
17492
27088
17509
17515
29669
17550
71493
17552
17570
17586
17589
75534
75535
17594
17606
17826
17988
17747
17795
17882
17904
3791
84836
72363
17917
17947
18001
18002
18010
18043
18096
18130
18137
18158
26941
58178
51731
31948
87062
18188
18192
18205
18216
18236
18291
48319
18247
18290
18304
18306
18320
89105
18330
18337
18381
18408
18416
40974
49227
30348
18431
91496
18438
18447
18470
18502
18525
18532
18557
87495
18704
18606
18720
18613
18640
18650
18744
18764
18773
18785
18802
18816
80091
73602
68292
18837
18853
18869
45154
5573
18914
41788
54685
53121
73956
18931
18996
19014
19092
19093
19137
19148
19215
19224
45326
60656
65128
69725
19240
19278
19279
45486
10622
19282
19293
57202
79875
19295
19296
19307
19321
19339
19344
19397
19433
19459
35370
19479
19491
19519
19593
19599
19656
96153
10628
89567
98934
71964
19680
19699
19725
70547
19749
50447
19776
19786
19904
19981
20051
91985
29985
41183
63379
96303
53547
20054
20079
20091
20100
30923
20110
48819
99347
20138
20140
38612
79061
20152
98046
81828
57021
20187
20231
20252
20263
20267
20294
20351
20384
20415
13987
20424
20507
20547
20572
20582
20587
50752
20621
4311
20656
20690
4836
11392
19371
20696
20719
20738
31865
51821
58287
20809
20838
37966
88819
29804
20840
594
20890
74957
2358
20904
20909
20921
39589
20929
20943
62058
20961
20978
20987
21029
21040
21089
21175
21202
21269
21276
75308
25151
21352
21415
21383
32402
60264
21390
21420
21437
21502
21515
21576
21608
21618
21629
21655
21677
21684
21699
21702
21723
97838
21828
21882
21946
19354
21947
21958
21964
36114
22009
93602
22031
22056
96923
80190
5058
25323
22074
32894
11681
22081
22106
22109
22123
22143
22162
22172
22210
22217
22241
25193
25198
22234
22250
22307
22308
22311
22313
22344
22354
22373
22379
22408
22452
43468
22478
20758
53884
22528
22537
22544
19009
22647
22695
25910
35047
35377
16335
22703
22705
45141
84763
22714
85817
22720
22742
22764
22784
22823
22828
22829
22851
22902
22920
20706
22925
24268
94847
27028
37482
82874
44105
22970
30292
13672
1487
35947
23003
23008
23013
23051
23061
23126
23154
40377
11563
23156
23174
23205
23242
82582
47146
23309
23311
23329
23351
23356
23394
23468
23470
31780
30495
31203
70371
16428
57956
23482
2570
23495
23529
23563
23566
23581
23582
31155
23591
10589
20679
23544
24880
23616
59063
23628
23640
23644
23707
23709
23744
44418
44720
64164
64589
2804
17300
23772
23820
23826
23851
23939
23954
25212
25276
23983
24034
23992
24061
24081
17440
32989
46345
24091
24114
58865
64581
85126
24213
24232
24253
24320
24322
24368
24377
24388
24401
24436
24444
24465
24476
24484
24492
24552
24555
24568
24581
24617
24621
24622
24646
8781
24656
24695
24736
5262
24747
7761
12051
45487
89302
83176
34373
78735
24825
24872
24889
24894
24918
24947
24963
24965
91375
73332
85953
48904
62808
77989
9267
24967
25009
25157
25223
25341
25409
25415
25426
25578
25585
25592
25597
25699
25797
25829
25858
25888
25915
25918
26001
26014
76888
26032
4550
26052
26086
26101
26109
99616
26115
26138
26143
26157
26177
26203
26217
26229
26252
26371
26378
10224
26418
46725
83445
26420
87317
34777
29157
26467
14883
16146
40269
44138
45045
51231
63206
37721
64538
11364
26508
37297
96135
26541
37983
26545
26546
26551
26574
26597
26709
26729
26773
26778
26782
26808
26839
26850
26867
50981
33149
26871
26875
26906
26910
26927
26951
27025
27057
27076
27089
27090
50036
79343
10860
44961
29935
24658
98489
65434
61845
33681
72977
27103
27109
65408
27225
27255
27259
83018
27264
24446
27274
27280
27286
27287
27302
27312
27316
27371
27378
27441
26571
27446
85637
27472
27485
27490
27491
27495
27499
27664
27671
27688
27697
27728
27755
27776
27807
27825
27881
27897
27899
27902
27910
27931
27936
27945
27968
27995
39620
28031
28060
28131
28178
28192
15493
28207
85462
44631
58214
28277
28346
28397
28401
28417
64207
28467
54857
28515
28516
28522
26658
66962
28526
28532
17665
28540
39917
39924
40742
41535
53457
28564
28595
28638
28685
28692
28708
28735
28741
28749
28751
28763
28774
28778
28830
28836
71021
28854
28888
28922
28931
28969
28975
29018
91439
29020
29034
29070
42180
29077
29124
29128
29146
20288
92710
29195
55432
352
47047
29205
532
68837
29208
29238
13723
78843
74950
29245
58920
10409
29259
29294
29315
29476
29533
29558
29590
29601
29660
29682
26240
74045
14796
71198
29699
15831
29776
29786
29847
29864
88806
92522
42496
3675
29865
29915
29928
29942
30002
60439
30046
30080
30117
30163
30207
30259
30293
30301
30330
30423
30437
30481
30506
30522
21907
30527
83751
96604
30541
30584
30594
30602
30621
30634
30685
32144
2294
30686
30782
30803
30821
30867
30875
41377
54112
68399
816
30886
30920
30946
85969
88573
48448
30963
30978
30981
30988
31029
31062
31121
31139
31177
31095
31200
75491
31105
31106
31116
31220
31236
31304
31326
31376
51
55662
11466
31463
31483
31498
96972
31549
31565
31568
31606
31618
31626
31798
31807
31836
31874
31926
31932
31936
31967
31972
31978
32000
32006
86008
32016
32025
32029
32052
32054
15621
51184
36321
38062
98433
24756
96524
66774
32058
32069
32142
32160
35385
32181
32203
32217
87292
41350
32297
32376
32394
56952
7187
32481
9454
32524
32583
32590
32609
32692
32698
32710
26857
52479
64868
32751
32767
86296
99676
36724
14194
43409
21710
32808
32822
32825
14576
32843
32888
32978
32990
33012
8741
65515
6010
31211
66685
25492
22688
57055
33060
33083
1137
33093
16322
75137
33100
19889
33101
20829
33127
21270
25490
40202
33144
33174
33211
33252
89501
33281
33286
2002
21501
14350
33289
69131
6529
33295
33309
33312
33378
33448
33458
33473
33496
33516
33529
33553
33560
33565
33592
35661
33622
92312
33626
25004
33635
33660
33688
38097
33716
33751
33789
49799
33794
64884
33801
49686
33816
63493
13683
33848
33856
33903
33941
33943
33957
33964
34014
34017
34032
34066
34127
34227
34296
34299
34401
34412
34447
34461
34463
34464
34474
34509
34519
34523
34609
34539
34632
34593
34700
34737
68986
34749
34792
34825
34850
34878
34895
34912
34923
34941
34969
34989
35037
35014
35036
35040
35046
35071
35167
35074
8372
35125
35188
35195
35204
35242
88884
29277
40082
35247
35255
35259
37251
35265
35289
15946
19745
35295
35303
33018
35358
35396
35402
2156
80274
99362
35452
35459
45957
35465
35545
62364
35549
65299
35560
97814
35574
35575
9134
27439
35590
19096
88519
46710
11809
23176
35723
69021
35729
35765
35775
11293
98771
42712
83111
2499
2793
35802
57124
89709
96350
47324
35827
35858
35874
55293
45234
31648
35892
35919
35927
35929
35930
93202
35390
71190
46396
70631
75241
60095
19953
67366
35945
37142
72978
4196
5078
5323
35984
41451
18768
20306
35990
36007
36011
36036
36039
36056
36060
36069
50391
9187
32969
36072
36084
36117
36151
36171
36176
36193
36216
36229
36254
36260
36367
36413
36471
36492
15602
36497
36535
36574
36581
36593
36622
36626
36669
9485
36691
36697
12531
33197
36702
36709
36730
36742
36748
36767
36770
75507
36773
36796
36813
36832
36865
36888
36903
36949
36952
36978
37096
37113
37129
73606
14716
37146
37180
37188
37197
37214
37224
89644
37245
37248
92009
37257
37281
37328
37342
37344
37352
37408
37417
37421
37435
37475
50880
50925
37461
11876
50961
37485
81748
37540
37569
37605
37645
37663
37670
37694
37746
37758
37773
4215
88791
37791
37795
69768
37811
37829
56102
37830
84879
37868
60701
37869
37891
37897
8249
10900
25076
37959
67602
37968
75301
37974
19741
23614
37986
28468
29980
39584
62560
74656
80983
86684
95986
71560
38000
38009
44928
38069
38076
38086
38128
63790
38154
38176
38201
38229
2229
38280
38303
38375
34366
38408
38411
50764
64671
38436
38464
38484
38542
34177
35059
69404
34652
21376
38592
38602
38607
38621
78955
38635
38640
38647
38651
38658
38682
38696
38717
52167
38726
41249
45011
38733
45711
99888
38734
38739
38761
38764
38811
38831
38841
38900
38940
38997
4480
55120
39003
39036
39041
48574
39043
39046
80961
39067
39071
39072
39074
58766
43887
39118
63019
39123
39157
39173
39181
39233
39284
39295
39307
39333
39343
39397
51005
51006
39410
39429
39467
39655
39669
92877
39679
39705
91794
99030
36215
46944
39709
59856
72536
84369
4126
39743
82367
39748
39749
39750
39770
44635
80349
39786
39797
39798
39810
39847
39850
40013
5980
22917
36769
44764
20522
46054
82232
98080
39867
39890
91548
39912
39952
39994
40004
40023
40098
40101
40105
49592
40119
40126
40133
40178
40257
40267
40289
40295
40302
40304
25871
40341
40386
40400
40411
11925
40413
40417
40422
40425
40464
40471
40507
40515
40516
10988
41705
34772
40546
40556
40588
40590
40609
56072
36352
56188
40640
40641
92940
70045
13958
10669
55072
70628
40646
40661
40672
40682
40697
40744
40749
40895
40929
40947
41022
41043
41058
41077
41168
72894
41171
41177
41234
41269
41307
73873
41327
5544
68655
41369
41398
41415
41420
41432
41471
41498
41510
41551
41569
14406
41632
67443
41640
98430
41642
41696
99894
85322
78015
41729
41741
41824
41836
41837
31666
41856
39018
72225
72394
41861
41891
41909
86600
78378
11772
41921
96608
41930
55147
42015
39442
42039
5360
42040
42068
42069
42119
42182
42186
84393
42191
87276
76161
42220
42259
42299
14840
42304
42327
42336
42371
42494
42534
42562
42587
63924
13762
42610
62649
16261
42635
67017
20207
42665
42685
42715
42726
42747
21302
42750
40070
47691
49600
50922
57232
42752
42758
51040
51111
42763
42766
42779
42780
42798
42799
42811
42880
42893
42897
83056
96880
42909
42917
43045
97264
97825
43076
43099
43135
21657
43143
43145
43152
43181
43210
43218
43222
43244
97777
43302
64179
43344
43393
43402
43403
43422
49962
43436
31522
43452
43457
43465
55476
43473
43481
77365
73527
29794
43541
31381
43553
43581
43609
43613
80484
43639
43677
43689
43704
43796
43800
43810
71009
43814
43823
43827
83786
43850
43855
43859
43868
89338
43903
43917
43923
43971
44072
44074
44106
44117
44129
44155
51117
44176
44199
3011
34217
44247
44266
66823
94912
44267
54669
81709
65210
75853
53799
36252
44308
44310
44320
44383
44416
44430
44440
44444
44446
80604
36579
44524
44570
44573
2162
44656
4183
93187
55028
44659
44665
44710
44713
31372
61627
94628
52188
58987
58212
98206
44732
44737
44761
37359
44827
44841
44850
44884
44948
44984
44980
45023
45033
45037
45057
45064
45115
45136
9089
18289
45138
45186
45265
45273
45328
45378
45406
45421
45483
26457
45519
45527
45535
45542
45550
58361
85263
97443
45551
15025
45554
10830
45577
73793
45623
85329
62611
45696
45730
56538
45762
45846
45873
45892
45906
45946
45950
45958
45972
45973
71752
45995
28737
46046
46057
46061
46062
46077
46127
46139
46144
46162
46911
97868
46164
46188
46216
46235
46238
46244
89580
46246
51132
60038
46263
46266
46312
46404
46452
51154
46459
46464
70720
46479
57180
46533
21492
79684
3126
46557
11162
46539
58921
46562
99465
98522
53659
52423
46592
46595
25640
90301
45681
61907
7316
65229
6250
18241
47846
94250
9756
48745
46598
46616
46646
46647
46714
46728
46757
46784
46791
46798
46805
51182
46810
46828
46831
46855
46878
46879
46886
46898
82321
46974
47011
60425
15764
81634
24948
29791
47014
47024
47052
47061
47090
80104
1057
88132
98951
48938
11691
35251
2983
47203
44258
72813
76369
21891
23111
75625
89296
47225
47288
47290
47338
47359
95657
83716
76926
47400
88635
42660
47404
27336
3521
43455
47417
47460
47465
47487
47519
47529
47536
47543
93112
47545
51319
51368
47580
47581
47591
47614
47642
47657
51371
51390
47664
51445
51462
47669
47751
51486
47794
17178
27739
47800
47811
47830
47842
8777
16600
86920
73708
77633
47849
21532
45133
89512
51893
26587
12824
47904
14319
28300
47956
47957
47981
47993
48012
48015
48061
48085
32539
48126
48137
48153
48154
48177
48202
48206
51500
48261
48317
48320
48337
48341
48345
48359
48372
48385
48386
48420
34102
48451
36476
48605
48620
48626
48697
48710
48771
48775
48785
48794
48795
48846
48851
48856
37752
40787
48860
79707
87127
91863
48934
48941
48957
48961
48967
48990
49000
92564
95455
53393
48969
49001
91529
49070
49082
49095
52915
49121
49217
49219
49295
49308
49344
49347
49358
49365
49368
49379
49391
49400
49459
49474
49478
49545
51542
49546
49581
49717
49737
49786
49583
49599
49787
49838
96521
49853
49877
90860
49878
49907
92895
30165
88394
7946
19705
28377
61674
49935
49940
49950
49970
50075
24324
50165
50294
88535
50405
50602
50419
8410
50642
50652
50722
52807
33115
50774
9016
24214
50780
49994
50805
50826
86387
50902
51100
51103
51277
51310
51340
87773
97157
51350
51365
51367
3266
51370
51399
51418
87802
51420
51440
51450
51487
51495
51545
51550
66338
83549
51560
85444
51563
51568
51581
51592
13499
32612
48501
51657
93332
47197
51660
90268
51713
51733
51766
51784
87817
87884
51795
53105
51797
51828
51872
51888
51902
51943
51954
51966
51967
51976
52007
52040
52067
52106
52118
87913
52151
16328
18133
62123
52234
13329
45614
52277
63156
52292
44332
63926
90614
15870
87512
52301
52363
6017
33753
52375
63464
52406
90663
58125
52459
14138
11378
30108
55148
2181
48949
79772
52482
53587
76598
20717
52772
88728
85737
54664
52528
52606
52626
74297
44234
92773
92350
63913
28285
21581
52660
52702
52760
52821
52852
52855
52903
98177
52930
53037
53039
53129
53165
53176
53191
53202
12124
3153
47073
54838
53251
86858
53707
53260
32152
32103
38323
23336
48594
17283
44182
53291
54636
87121
53296
53364
53400
53411
53421
53446
53462
53475
53536
53597
53604
53609
87932
87951
53657
53695
53714
53734
53749
53783
53788
53804
53829
53845
53881
53913
53973
53993
54015
54027
54048
54081
54094
54095
54098
54105
76172
59980
54135
54179
54182
54184
54194
54237
54238
54259
54283
54284
54311
54334
54338
54359
54368
54418
54424
54477
54519
12840
74050
85716
54538
54549
57432
54556
46624
60432
3091
96264
54576
54624
54641
54658
54661
54722
54724
54784
54791
37575
54806
54816
54821
54836
54850
88073
54921
55060
55074
75710
54905
70055
55019
37680
40097
55050
6206
56248
63669
98641
14050
92886
2866
82786
55066
55075
10287
96620
55096
55103
55125
36988
35915
69518
7174
55143
55210
10038
21522
55238
55239
55250
58855
83134
74575
55259
55265
29945
42316
55295
55313
55327
55342
55375
55376
41462
6563
443
33918
55385
2344
3177
55407
55415
26405
55417
55430
26624
55458
55496
35651
55504
44348
48677
55510
52904
55524
55601
55609
53963
55620
55625
55626
55654
57659
61681
61785
55658
55666
55683
75054
77321
89174
55684
91908
55694
55703
55715
55732
55766
94570
55781
33263
55791
55904
12450
55967
56076
56114
56124
56147
56162
56208
56222
56223
31252
10289
56225
56231
94861
57627
90635
56241
56243
56335
29525
56365
56387
56422
56437
38024
56505
56585
56588
56598
60205
56599
56600
56663
56767
56792
56810
56837
56840
56857
56878
56932
56960
56997
57052
57075
57101
57107
57132
57230
57235
75668
57239
57254
57339
57343
57370
57379
57394
63071
57407
57427
57435
57467
57522
24545
24537
57533
57536
57552
57583
57598
57622
57631
95601
57675
57703
57721
24544
57731
57749
57783
57799
57804
57824
57868
57869
57880
57887
71290
57889
57904
57945
57975
58009
85443
58024
15242
3606
58041
58045
58068
58077
54989
58094
58112
58131
57841
90612
21601
58139
58154
58155
58187
40812
58201
58213
3507
87114
12757
68629
58218
15223
19671
25949
99837
92442
6083
87776
58224
58233
93306
2820
11090
58241
58263
58307
35644
37112
2286
49495
58358
36040
39310
75179
58411
58445
14168
62054
58460
4525
32437
14967
58557
64446
58615
58644
58647
44049
89762
13617
31178
39570
50316
12694
9820
58670
29066
58697
21189
747
82965
34085
98610
58705
58728
58729
98512
58740
58804
67761
39473
58859
58879
46299
58965
58991
59011
59068
59083
59102
59149
59184
59188
59226
59280
59298
59349
59318
59482
59394
59395
59420
59434
59519
59528
59549
59597
59598
59611
59623
59652
59668
59703
59720
59724
59728
59742
59818
59798
59834
59854
59877
59913
59923
59947
59965
60057
60118
60122
60126
60129
54110
60148
60154
56738
60165
60183
60184
60188
60207
60220
60272
60302
60305
63140
60338
60339
60342
19288
60396
60416
60419
60457
60486
60549
60577
60584
38225
60593
60647
60662
60668
60673
60691
60704
60721
60734
60756
60779
60781
60815
60883
60890
60909
60950
60917
68924
7480
60930
60964
60969
8323
60554
61010
61038
98656
61045
71777
61055
96386
15585
83767
37877
58058
19625
34101
71475
61095
80186
61108
99338
61114
61143
61168
61176
32773
87275
64284
4035
61192
61207
61230
79023
61233
61256
61269
61281
61306
61333
61391
61461
61479
61530
61540
61590
61625
58253
61643
72664
61649
61662
61689
61722
21354
61771
70980
61816
61852
61886
61893
38328
61895
61904
93792
61925
28568
61941
61951
49570
61965
62031
62051
21048
62118
2666
15683
72961
93293
97634
54648
69067
99460
62128
26072
62144
56822
62162
62186
52104
26559
10274
62190
62195
62202
62248
62318
62402
62427
62441
62443
62446
62456
62459
62469
62479
62490
88083
62486
62642
62654
73207
62679
62688
62757
62775
62837
62838
62856
34179
62871
62892
62931
93057
62950
62963
17962
94942
30679
80843
58671
62969
25448
29544
63020
63024
53373
63048
99466
60575
8812
50071
55515
1297
63056
63070
66425
63110
89741
63131
43217
92900
63151
63211
63232
73624
15965
48778
55448
45918
98192
63249
30688
63298
63310
63348
63355
63363
63383
63384
63418
63419
63442
63478
63545
83972
63553
63599
63604
63612
448
10285
12771
18308
24977
63613
63619
63625
63641
63654
28173
63727
63755
53645
63759
63765
63768
63791
59291
61436
85352
86254
86953
87831
96327
22953
34255
28017
37474
8430
63826
63833
63907
63985
63999
64015
64050
64077
64097
64156
64162
64204
64209
64217
64221
64224
64259
64261
81763
64266
64281
64368
64416
64275
64344
64349
64361
64383
80172
64466
64508
64554
64556
64599
64642
64648
64682
64695
64733
64765
64770
64781
64822
7157
14754
69944
49843
64340
64829
82584
59957
73932
64851
64894
64900
64957
64959
64963
61587
77681
65033
65042
65085
65087
83757
65154
65183
65255
65273
65274
34439
65298
65319
38174
65345
65400
76835
99484
23182
65444
65457
65479
65509
65512
65550
65559
65569
88171
65571
65630
65668
65719
65746
65771
65801
73408
85639
65840
65848
91675
65880
37900
65900
65976
65998
14077
19336
92195
66004
66016
66079
66142
66143
66158
35517
47713
86677
23382
55673
25869
70414
66166
66232
35696
41239
46483
67024
66234
66310
66346
63164
58678
79374
5601
66366
66369
66371
66468
66482
66486
62231
66503
66590
66508
36458
64165
66592
66606
66637
83518
50069
35321
45379
66651
35697
37749
65897
73539
66669
66676
60559
66679
66690
66693
66741
66764
66792
66797
66814
66830
66857
66873
66921
71747
66955
25398
38466
95121
6162
34004
66977
40210
84275
47753
78299
67086
58836
67104
67108
67140
67165
67176
67182
67206
67271
67288
67361
82490
49669
31622
67438
36152
67439
67450
67456
67551
67571
67590
67621
67680
67697
93590
67699
67708
67717
67722
10733
67743
67758
67759
67797
67822
67834
12565
67842
21306
22388
67843
29518
67857
67864
67865
67952
67982
67984
68013
68081
68103
68123
47935
68194
68196
69824
68241
68247
68259
68278
68285
68305
68375
68312
68338
72955
26338
68450
54757
81188
84463
68491
34186
52835
92326
1993
68525
73582
68526
68541
68618
68662
68699
68707
68717
68734
68760
68804
68810
68839
68877
68906
58654
39061
68975
8901
34160
43430
51088
68980
68999
69038
69045
60015
69046
69093
69122
76633
94969
72847
91899
13539
14933
38866
2420
69137
94337
76831
86453
15023
69148
69153
69195
36493
69203
69231
69253
69259
69263
69295
69306
69322
38490
69323
69221
69344
69378
92414
69380
69393
69429
69434
69477
69557
69578
69596
69608
69621
69625
69632
69682
82066
69720
54151
47081
69738
69750
68800
69766
69771
69793
18278
69801
69805
69826
69837
69859
69861
69875
69884
63516
69927
23867
69966
69981
69999
70126
70133
70160
70162
80815
70181
70199
70202
70204
70224
70228
70275
70295
70343
70565
70376
70381
70398
70497
17965
70567
70581
70595
70620
70637
70680
70708
70710
75546
75548
70658
75647
70704
69698
75651
70721
70743
70748
70773
26497
70784
70848
70856
17572
70885
48414
53484
70911
70924
64454
75278
78999
81031
44205
28080
96295
75750
94157
45143
84783
73275
86086
62273
70944
78148
70961
70967
71006
71032
79883
71067
71070
71074
50124
273
71092
71111
71133
90524
80116
91735
16356
45605
71142
71177
59757
71186
71316
82590
71328
71331
71334
5638
67903
1648
28502
71335
9908
49345
37039
88734
22117
71397
57420
85039
1606
2074
36516
56597
80498
29892
80206
13682
37845
51719
53419
60320
71423
71429
71443
71445
71482
82876
71501
71555
71559
87998
71577
63429
71595
71615
3264
71652
97726
71715
71743
71771
71773
75656
75657
71794
71806
71814
75658
71841
71828
71942
71983
45183
72048
72054
72091
71867
71877
71896
9182
71192
71938
72006
72062
72070
72086
72139
72164
72209
76377
72230
72239
72256
72276
72277
72300
25903
72310
72322
72333
72343
75659
43736
72354
72356
72368
72408
72438
72441
72544
72611
72620
72453
72668
72563
72596
72720
26388
72770
72798
72826
72890
75665
75695
72895
72917
72935
72617
72662
72965
72729
72804
72860
72914
72924
73022
73047
73075
73027
73103
73039
73052
42583
73091
73121
45046
68916
32716
49740
53247
34069
44877
73129
55002
73134
74995
73168
73198
70115
73224
73227
73289
73290
73314
73320
73356
29537
15703
45895
73383
73423
64241
21312
84489
98378
39476
14638
24821
64393
73506
14555
59179
62209
38032
73512
72646
73528
69788
73540
73573
69868
96221
73577
4456
73628
22471
34958
73638
73646
73706
36288
73716
89477
34707
58444
49492
73778
73789
73804
73823
73845
73866
73892
73896
73916
73947
74039
55581
79382
50713
47518
83982
21194
33962
54509
63874
45305
73924
12273
73951
15937
52888
54276
71121
93102
74004
74028
74062
74065
74101
74107
74110
74119
74161
74199
16905
74201
74147
74175
74204
74260
74279
74311
74312
74315
74316
74359
74392
74427
24843
74465
74468
74496
74513
74599
74643
74674
74695
74736
74730
74598
74737
34419
74770
74762
74764
74776
55814
74820
74839
74847
74902
74904
74908
74916
74930
74973
74976
75028
75835
75031
75845
75916
75062
69555
75093
75095
75100
75138
65292
94043
29233
83311
75146
75276
75341
75458
75763
75768
75971
75974
75784
76005
75796
75811
75863
75903
75912
75938
75942
76127
76175
75951
75973
39845
76044
76063
48399
76090
54369
76197
76202
76257
76284
78409
89438
76293
96237
99356
61694
43554
82805
67471
76302
76326
76337
76375
76394
76397
74862
35837
37420
2258
66194
21940
76399
66051
73412
76414
76488
76538
76549
76554
76555
76606
76624
76632
83954
50332
85101
42921
85185
76654
64268
9693
97905
65731
13388
7998
76773
76789
76804
76817
10742
76824
59239
52368
10382
10651
67995
76856
76862
76889
77644
4648
2605
13390
15319
16756
34018
76910
55181
76920
62320
42969
30863
94325
88952
78122
45660
77123
67321
16675
9117
7367
42632
92641
18749
13413
76931
76984
76990
77029
77054
77068
77074
77079
77102
77134
77142
77201
35967
77172
77226
77264
77299
77275
77281
19300
77301
77378
77396
77283
77422
77315
27915
63177
68317
39689
30397
39260
40618
87091
56257
77330
77456
77458
77477
77493
77548
77623
77636
77648
77661
77754
77760
77764
77814
77823
77832
77840
77847
77912
77921
77928
77947
77955
77972
77974
77979
21560
77999
78002
78006
78018
78040
78043
78044
37876
78063
78105
78137
78165
78251
78285
78286
78313
78356
78357
78367
78370
78374
78437
78453
78462
78521
78565
53304
77318
12819
35710
78580
78608
60364
72483
91772
78615
78645
78662
96812
97749
12258
72721
57181
78691
78694
95970
43453
78705
78716
78755
78803
43246
78848
1857
78852
78864
47259
78869
78891
78901
78909
78929
78965
78973
76533
78992
79017
91867
79030
79033
79071
79082
79136
79138
79160
79172
65017
18751
16013
28651
28281
35932
79450
79183
79265
41108
79269
94378
79275
79279
70960
51681
98377
38563
75814
26788
64396
68684
79317
79328
79330
79348
79373
79420
79423
79455
79475
74523
79476
44479
79487
79546
33988
76531
79559
79566
79569
79583
79603
79620
79622
79655
79664
79675
79689
79753
79679
79701
79715
79787
79803
79807
79809
79849
79860
79916
79925
79958
79979
49765
4174
27896
54605
79981
65334
91504
80000
85967
68785
80023
80042
19948
91288
153
80072
80085
23128
80087
31329
80097
80125
37178
97888
31923
80136
80157
80171
80177
80216
80263
80251
80267
91936
80367
80376
80383
51300
48304
80387
80440
80445
80460
80481
80494
80513
80531
26708
80534
80548
80570
68330
80589
5233
80601
80607
80655
80663
80694
80734
80752
80835
80887
10305
10574
80986
15818
27983
41583
44277
81001
50359
54491
81016
81017
62382
65722
70887
73621
81019
75280
82899
95923
99834
20590
81025
56832
41111
81027
81051
81067
81070
81076
81078
73170
76481
81083
81090
42842
81115
81150
81153
81193
81244
81320
81339
92461
81352
81367
81369
370
81419
81452
81526
81576
31812
81641
88285
63066
31275
81646
81686
81690
81732
81747
81781
81816
81874
81919
36799
62730
90960
81935
81942
81982
82010
82035
82097
59520
50875
23065
80156
42567
82154
84963
49206
82155
23672
82192
70167
82220
82293
92505
82298
82320
78156
82350
82363
82404
82425
20284
82432
82466
82475
82484
82486
82542
82545
82547
82570
82587
82613
82695
82836
82797
82904
82950
83019
82812
82906
83049
83080
83106
83165
83170
83174
83211
83234
83244
83304
83308
83336
83357
76540
83395
83397
83401
83409
83440
83533
83626
83624
83630
10015
47732
83813
83815
83883
83887
83890
33921
83922
83926
83998
62230
16503
17534
83435
84045
84068
84100
84128
84131
58552
72631
97179
30890
15710
84174
84200
84241
84243
84265
84288
84291
84296
84312
84338
39176
84365
84385
84416
84438
84459
84467
84508
84513
84536
84543
18420
84587
84591
17396
84598
29281
49887
87630
73425
84600
84627
84628
75929
35080
84639
32687
84646
84658
84685
42786
34450
85184
56759
93569
2268
17408
31868
94057
16806
44745
84688
41139
58889
14809
66282
93541
15013
20225
84704
58668
63434
84761
12857
92600
84787
84798
3164
84830
90018
6970
7790
84833
84835
84877
84878
84961
84974
84993
85001
85029
85055
85077
85085
85099
85131
85134
85181
85194
85215
85231
85207
85222
16631
85285
85310
85328
85382
85389
85421
25237
28353
85426
85437
85481
35480
55792
75690
85534
77875
81954
96747
85570
85616
85641
85647
85669
85671
85700
85708
23711
82038
97245
85710
85717
85723
85767
85780
91982
32761
85820
85837
85896
85958
85959
85970
85972
85976
85997
86007
86053
86058
86070
86129
86134
86177
86183
86199
86278
86188
86189
86258
86275
86282
86295
86307
86395
86304
86411
86428
86443
86494
86367
86485
86511
96444
86512
97732
871
86526
86538
86589
82868
37922
61960
12638
42130
72810
83253
86591
86595
2810
5113
13366
29534
48056
50119
95404
46332
86611
86613
86626
86667
72757
86678
86705
86708
86771
86775
86784
86792
86875
86890
86840
86904
86908
87084
87110
91710
87117
87122
87129
87141
79034
47234
87177
84246
59975
87179
87188
87218
72703
13310
87221
87295
87384
17093
87389
34416
3984
903
51877
87464
87467
67114
87481
76591
87485
87542
37980
47126
83920
303
14482
14617
87920
87592
53990
87632
87660
87736
87764
87811
65398
87823
87861
89905
87875
87914
88008
88062
88177
88213
88229
88293
88358
88367
88436
88328
88435
88474
88499
88507
88517
88521
88532
88534
88590
88747
88578
88627
88698
88752
88768
88798
88808
88840
88854
88933
5530
43400
8419
88953
10472
88962
1191
3589
88963
89016
89041
72565
89053
84645
89061
89074
89086
89126
89177
89191
89216
89231
89240
89245
89263
89282
89332
89333
89336
89350
89354
89385
89414
89420
89498
89511
77056
89534
83752
25931
69600
89540
89576
89601
89719
89724
89733
89734
89743
71945
2730
98163
93350
45694
52857
5704
11321
83236
45258
68382
13378
14696
44386
52986
68270
90987
79252
89746
89783
89786
6269
79676
89790
89814
57806
89870
89882
89896
89907
89927
880
28697
64316
89942
79162
89946
78074
62637
18124
89956
89959
89985
89988
72188
90026
1729
90075
90163
90252
58834
90256
90260
90263
90269
29103
90270
90321
90361
90386
2032
28359
90398
90404
46013
80731
81052
1503
6266
16733
90407
90432
19903
90528
29885
90538
31553
33376
45252
54287
90639
90687
62597
79064
79249
90717
90719
90724
90742
81162
90748
90781
90800
90811
90819
90839
90843
90909
90933
90951
91035
91077
91085
77055
91121
41676
91136
91179
82671
92404
91188
71305
91202
91205
91243
26963
91268
91277
17206
30491
91316
91325
91366
91376
91389
91462
91470
91478
91497
68565
91506
91513
91520
91536
91569
91575
69697
23322
91662
91669
91676
91690
91713
2960
91784
91807
91855
91876
91878
91880
62501
80
12765
151
236
62575
75204
25460
25539
87529
12979
437
87637
25641
25836
13004
13201
13209
26204
26243
87649
88040
88129
464
88148
87841
55638
88172
53339
88368
13217
33669
56281
64603
75634
26248
2359
26261
23978
73807
41293
75688
75925
76025
26609
26682
43183
26769
26931
26950
26977
58117
69298
27561
27657
27699
1322
27919
28053
28175
98422
80730
28372
29213
29443
29676
29765
29969
76086
76196
76300
76329
54414
76420
76867
76973
77130
77141
77731
77799
87474
55215
77853
78008
78303
78428
78669
90631
97903
78771
78966
79059
79105
272
422
575
1268
1285
1413
4
91906
75018
91969
75035
92029
71
92062
92088
92100
92131
92239
92281
1571
12675
92287
114
92300
75037
92339
1814
50025
92363
1845
2164
92371
2206
50097
50235
92403
92405
50345
50029
92440
92452
92486
92498
92507
92523
92574
92655
92671
50687
50986
92686
92785
92864
51516
92890
92898
92969
51569
51775
51841
92971
51842
88523
88525
88991
79145
79212
79314
79393
12685
92990
80430
80491
80756
37593
37732
89035
93060
89152
89163
89288
89352
93093
93194
62592
93301
89430
89489
93308
89906
90157
90278
93402
90421
90600
90804
90937
91266
91321
93503
50094
93506
91329
91499
91859
91896
91917
92594
92731
92735
93622
92815
93126
93291
93446
93604
93990
94021
37821
37871
38025
38072
38127
38145
38157
38289
38442
38659
93892
93938
38802
93945
38935
39025
39272
93977
93981
30014
94084
30084
94163
30299
94256
50136
30402
30620
30881
30966
31063
31148
94303
31226
50010
94344
31281
94382
31480
31625
31834
31982
32004
94383
94460
32207
94525
94690
94788
94800
94826
94829
94830
94909
32313
32397
32498
32678
32745
94970
95105
50162
95309
33375
95331
33382
33631
33831
34054
34126
34305
34745
34978
34981
35393
35572
25066
95347
50222
95431
35790
36016
36034
12572
95439
95449
95462
95497
95514
95563
25209
95606
36037
36096
12595
95625
12606
36468
36916
36931
37029
25262
95767
12626
95778
37043
37284
37356
37465
13321
13780
13880
14008
95788
14248
95894
14320
37506
95902
14426
12693
95907
14539
14572
14684
95936
95942
95967
95989
50253
96008
96045
14890
96067
96163
15073
96228
96299
15356
15641
25046
15651
15707
15721
15951
15989
96353
16107
16272
16433
16464
17097
17204
17460
17463
96362
17537
17588
96442
87593
18053
18228
18372
18973
19078
19448
19638
19735
20103
96514
96634
25128
96659
20238
87528
20433
20581
87612
20747
20895
20903
96664
21248
21318
21387
21397
21660
21803
21810
22115
22342
22791
22932
23281
23334
23415
23661
23971
96680
24157
24218
96867
97097
97153
87539
97158
24237
2300
97194
97226
97334
2356
2514
2775
97467
97537
87569
97556
97592
97627
2930
2935
2937
3002
3021
3025
3437
3877
4099
4408
4427
4805
97776
87677
4905
5336
5386
5531
5836
5891
6026
6160
6609
6765
97834
97891
97916
97919
97954
87665
97956
87695
6876
6957
7364
7534
98027
7678
87667
98083
98147
98179
98287
98289
98303
7781
7823
7835
8050
8162
8293
8417
8578
9222
9314
9536
9551
9734
9787
10001
10069
10162
10238
10373
10903
11089
11091
11127
11184
11210
11458
11554
98341
98383
98405
98426
98441
87704
98443
11690
12054
12249
98460
98523
98529
98545
98665
98671
39278
39312
39390
39446
39635
39673
39694
98732
98734
39727
98750
98755
39857
39880
39881
40219
40301
40738
41046
41482
98758
98773
98862
41997
41999
42288
42455
62602
42901
42903
99019
43114
43448
43491
43699
43898
44849
44927
44941
45038
45380
45515
45543
45634
45986
46105
99022
99100
99207
62618
99216
99264
99268
99293
88142
46114
62665
46284
62705
99321
46387
46528
37471
46550
46600
46738
99396
99431
62746
99456
47002
99475
47149
47256
47516
47795
99601
47856
62751
99611
99626
99742
99854
88154
99893
99961
47925
48157
62515
75002
37531
87517
48249
12525
48482
48551
48563
48852
48883
49210
49965
51886
51996
50028
37545
52080
52142
52161
87554
37597
52486
62769
52521
52549
12510
25020
52786
53164
53186
53263
53622
53811
54270
54559
25018
25190
25342
50085
54651
54762
54888
54943
25031
50117
12603
54945
55589
55596
25032
55676
55705
55737
50121
55997
56211
56376
56433
56607
56742
56924
56965
57099
57504
57637
57740
57754
57979
58692
58768
12705
59071
59214
59222
75012
59751
60541
12524
12727
12823
60625
60736
60918
61090
61139
61225
87633
12851
61374
61567
61807
75044
61831
61878
62074
12946
62127
87535
62164
62304
62352
75085
62836
62986
63000
63422
63558
63846
64151
64161
64211
64507
64531
64622
64641
64762
64907
64964
65357
65621
65798
66190
66200
66402
66409
66443
66551
66559
66742
66794
66826
87536
12964
50173
67260
67809
68307
75072
37632
68366
68952
69146
12501
37640
69286
69296
62572
70005
70106
70114
70317
75026
70321
70406
70449
12518
37714
70624
70716
12552
37772
87533
87548
70777
70839
70917
60
70962
71346
12622
71422
71534
72334
75
72501
72706
72873
14
73092
73434
8
73502
62806
87553
87696
73689
73859
75036
73898
73917
73997
74055
74118
74233
74540
88155
74563
74624
75013
25367
74757
74955
80871
75083
80900
81211
81247
81303
81875
81915
81992
82031
143
25384
82040
82627
82654
50
82739
82784
75123
82831
82845
82946
83180
55798
83360
83370
83606
83833
83913
83996
84286
84530
84582
84593
84907
84926
85141
25481
85151
85464
85492
50159
50175
85754
75069
85819
85880
86105
50245
86181
86272
86315
86330
86334
86356
62551
86360
86477
86736
155
50338
50376
86830
87038
87621
50482
50533
87152
87183
87190
87444
94168
94657
94669
94834
95181
95278
95589
95737
95979
96026
96054
96074
50626
96114
96281
96351
96367
96548
96605
96637
88201
96835
96908
96927
96928
96960
50681
50700
50701
97078
97126
97141
13045
97209
97403
97676
97716
97869
98099
98245
98733
99318
99327
99452
99770
88205
13104
99786
99930
99942
166
99958
129
75088
25080
50012
76608
79101
13290
50019
50023
12588
62606
25111
25186
75070
75076
75173
75101
13297
25334
13340
13369
25
62522
288
360
75141
37582
25350
25382
37501
13383
13480
62651
516
616
698
87740
75159
25482
778
812
75266
75336
12637
51835
25521
25524
62685
25567
66611
12832
12951
50252
62696
62716
62719
50046
87590
87657
62739
62778
87748
87761
12536
25686
25732
75486
50108
50203
50350
50539
63042
63176
50016
50042
50547
50574
50653
37522
87757
37562
63289
87774
87839
87926
87931
13470
87933
75489
87949
87971
52651
62698
25301
63435
37509
64992
52181
959
40647
87828
1069
25338
52573
87820
25347
63470
37651
25418
25498
25513
25621
25726
52
87986
63491
63518
87990
25129
63582
25824
37620
25731
37697
25953
76823
26041
26099
26146
25131
87758
26147
26302
87766
87849
26363
42904
26374
26398
12962
12541
87639
13091
13117
67444
13346
13396
13417
88227
13498
13613
13684
87723
37561
53980
37638
37702
12573
37737
37667
87775
37739
76211
37762
37916
25337
37770
37781
37997
38197
37782
87851
38317
37940
37950
50054
50727
62879
63116
38351
38357
38513
87722
63167
63220
50819
50856
38515
38594
38628
15995
62537
50860
37676
38645
89190
38679
75041
38693
92098
38699
745
25059
87735
37792
37958
87897
87980
38784
38872
14417
25140
88012
38906
38913
76177
37907
88054
88057
39008
312
37908
25149
39014
88220
88099
39015
39016
39130
88131
39167
37952
39187
53336
88136
39239
39317
55139
37984
39351
39439
77021
39525
26317
39667
64166
39699
39734
25344
39764
39822
39841
88161
39859
39891
39926
39946
28105
38007
1328
39974
40120
40123
38052
38079
40201
40209
40292
88268
40308
33166
38115
37961
38144
38172
25901
38028
40397
40399
40460
38198
40489
17874
50383
88198
38038
12561
40873
26901
62835
88241
13807
13900
88250
14068
14073
14181
50411
40890
41033
12619
62915
63444
25902
62973
62981
3084
12679
26126
88254
26205
63001
63162
63169
62617
26219
63252
63370
63386
63423
63475
63566
89304
12755
26300
63838
63920
64093
26311
12916
26347
26412
26417
64103
64223
64331
64409
64423
64647
64745
26444
87789
26506
26748
26750
87845
88263
26763
27521
26833
26967
27006
27069
29168
12924
27248
38691
27291
77851
27296
26435
26502
27442
27518
27536
27703
27782
26605
88308
26638
27815
75317
27822
27853
27875
37518
26643
27941
28009
12954
28071
28108
28251
25062
26644
26660
28275
50655
50733
26665
26758
50813
50921
87876
26926
50997
40506
51031
50683
26988
51054
41276
27024
27045
12993
88349
27055
27197
51186
64096
51239
27305
88381
13006
51270
44507
51292
51320
51507
90771
51547
51633
51648
51803
51860
27355
13019
51904
51930
88434
51931
1339
27358
13053
13100
27363
27394
27464
27493
51937
51999
52074
13121
88489
46
52126
14479
27556
52230
88
52239
75882
52244
52278
52307
88568
27660
52315
52503
52535
52584
52587
44041
88572
88610
27669
52659
79111
96
75360
118
52731
1439
52773
52867
53054
89492
75366
88620
53067
53099
53153
176
53185
65237
53297
53309
25336
53343
4389
75370
75558
75670
53379
46519
53501
53508
53553
88004
75701
88633
88661
75716
88721
75202
75735
53651
75821
88730
53743
53837
544
75859
53890
53951
53972
62620
53975
54011
54049
54223
4267
54252
48024
54288
54304
54460
76128
75252
54471
3349
65188
75285
76137
54533
54602
15405
76143
75368
88860
76146
54633
54645
42184
88890
76271
88903
66929
54782
54897
77064
88930
54961
54970
71193
54998
55039
55078
88038
88966
88995
55211
75524
75596
75636
75709
75917
37530
76040
76045
76229
37543
76289
76340
76514
76306
9479
76361
76373
1377
37636
76700
75477
76705
1398
6846
1420
99607
1483
19628
1549
2551
1565
1583
6950
62619
76733
1585
1647
1669
1750
62635
1791
1795
2134
37654
76737
76743
76754
76803
2221
13384
89146
62653
76805
2270
62516
89147
62674
76838
2424
2433
44837
2497
9724
2515
2809
2868
5867
89203
2873
2933
2976
76893
89262
3001
3171
3179
3191
12522
89264
62687
3262
9777
76962
76975
76512
76537
62731
76891
37672
89299
76915
77030
77047
104
77106
14711
77107
11194
76986
89317
77004
62747
77136
4077
77222
48025
62753
77007
77010
89403
77157
77247
62783
89470
89490
77276
12191
77351
77207
77220
77470
77500
77516
77524
19913
77576
77606
77629
77634
77701
51466
77307
77709
77787
77739
77845
77871
39
77932
63399
78099
78136
78143
37673
78185
37775
77311
62815
77410
61
66
77432
78316
78391
37778
77528
78497
78550
78703
78724
78748
50041
78815
78907
78964
7413
94
154
79187
54499
167
77539
79193
79208
79289
32220
77555
79307
79454
79462
12538
79493
79619
79729
12623
191
79758
79871
79915
79931
45869
79943
88029
37779
77677
88138
12585
88386
76953
88396
10417
88458
88493
37798
88545
10666
77706
77738
88666
88708
88757
12645
88957
89009
16058
62857
239
77755
77774
89065
77825
62932
89098
12775
2600
77865
87806
77937
276
87842
77978
89154
89185
89312
289
89565
89592
26197
89593
12137
90019
53277
90094
56059
90118
68242
87905
77985
87995
90149
90220
55212
12649
88202
55258
53399
55702
78118
18031
55837
55903
88209
55942
55976
55996
56119
56217
7971
78174
88244
56370
70129
78323
78343
410
25494
78375
78399
56471
16902
88258
88337
56551
56565
75108
56633
56654
56919
57117
57131
39377
78472
57447
57555
3280
88370
3478
45975
3535
3618
2791
3662
22934
78481
78486
3696
3794
3845
3964
52787
3981
46581
4127
65859
4150
50311
25527
4156
4243
4275
12709
4291
88413
25576
78540
78554
78659
78721
78757
78758
25609
77563
4304
66946
88544
78778
75127
78780
4411
24709
4445
4459
4568
4705
4777
4886
4918
5264
88594
25622
5302
73040
88615
88634
5307
5394
92688
5421
63330
5509
17761
78783
88639
5520
65370
25669
5522
5631
5670
187
25675
250
78793
25701
5747
5756
5899
37807
5956
6057
6068
78825
344
78837
78894
25756
6169
72675
6214
25764
78951
78997
79004
79087
458
6323
66299
25777
6346
6399
21349
6427
6468
71889
6482
75745
6561
6688
6708
6825
48422
6875
6897
7062
470
7139
5403
7309
7724
77805
25848
7798
7839
50321
79134
487
79202
79229
590
25898
79231
79299
7909
7931
98
7997
8164
115
8203
8331
87588
25916
8348
29412
26031
79335
79415
8439
8569
8614
182
8698
8814
8927
8964
70683
9073
66524
26051
9131
9227
9277
9281
9282
9362
9413
70060
9435
70841
79537
9440
9441
37511
79693
9511
7725
9533
8469
631
79747
11631
9538
9585
9625
90008
9757
661
26064
79750
671
674
79767
37971
79768
716
9840
9873
9878
50325
720
10028
10065
10115
10271
92923
10497
11053
10533
76919
44501
10535
16535
766
10758
10959
